726385914
913246857
548971263
695132478
174598326
382764591
839627145
257413689
461859732


472816935
539274168
618953247
187645392
924138756
356792481
263481579
741569823
895327614


764531298
593428761
182967534
376895142
948712356
251643987
835174629
419256873
627389415


263814957
795263841
841795623
389157462
516429378
427638195
652341789
174982536
938576214


364758192
278916534
591423687
659274813
837165249
142839765
786342951
913587426
425691378


428519763
739286145
516734982
851427639
674395821
392168457
165943278
287651394
943872516


147695328
569382417
832471965
256834179
478519632
391726584
715243896
984167253
623958741


827639145
196485372
534721968
752196483
643857219
981342756
278513694
469278531
315964827


952871346
846325197
173469582
695743821
314298765
287516934
738654219
569132478
421987653


238659174
594713826
671428953
162395487
847162395
953847261
726931548
385274619
419586732


