469152378
275839641
831746592
346518729
912467853
587923416
724681935
158394267
693275184


617943852
394582617
258761349
176425983
849317265
523698471
481279536
732856194
965134728


328654719
976182453
451397826
534819267
897426531
612573984
745261398
269738145
183945672


346587921
892314675
751692834
284936517
637145289
519278346
975423168
463851792
128769453


746531289
235897164
891246753
427385691
563179428
189624537
678912345
954763812
312458976


762831954
498567321
135924768
389175246
547682139
621349875
913256487
276418593
854793612


432195678
718263954
596748312
165982437
283471569
974356281
347619825
821534796
659827143


815437926
243961758
796258431
579814263
124376589
368529174
487695312
631742895
952183647


231678945
456913827
789542613
143795286
697284351
825361794
974856132
562139478
318427569


964328175
317659248
582471936
429163857
673895412
158742693
231584769
795216384
846937521


389125467
476839521
152467398
823546719
695781243
741392856
267953184
938214675
514678932


958764231
476123589
312958746
864239175
739581624
125476893
297315468
641897352
583642917


365948217
984712365
172653489
841396752
796425831
523187946
259864173
638271594
417539628


852631794
341792568
697584213
915367842
476128359
283945176
564213987
129876435
738459621


957123864
813456927
642897135
239684571
176539248
485712396
791265483
524378619
368941752


794168235
853247619
261593847
138479562
576812493
429635781
612354978
945781326
387926154


738256941
429178635
561493287
396781524
172534896
845962173
983645712
617329458
254817369


694823571
725961843
318745269
957138624
136274985
842596317
271659438
489312756
563487192


345168729
127439685
689572431
853247916
496815273
271396854
712954368
564783192
938621547


295318467
731426958
468759231
147582396
586934712
923167845
679241583
312895674
854673129


238761549
695843271
471259368
862314957
749586123
153972684
517638492
326497815
984125736


913286547
847159326
625473189
584612973
732598461
196734258
271365894
469821735
358947612


239175486
651384927
847692351
374956812
962817543
185243679
518769234
726438195
493521768


469153827
583972164
271846359
834297516
126435798
957618243
618329475
792584631
345761982


765941283
981273564
432658917
124896735
376425198
859137642
517389426
648712359
293564871


459726381
617853924
382914576
264397815
178265439
593148762
825639147
936471258
741582693


923684715
467315982
815297634
578942361
634871529
192563478
251739846
746158293
389426157


689342517
432751869
715869432
963527184
547198623
821634975
376485291
258913746
194276358


165934728
729618345
483725619
914876532
876253194
532149876
241587963
398461257
657392481


458732169
127869435
936415827
712986354
843251796
569374218
394628571
285197643
671543982


935687124
842913576
617524938
291435867
386279415
754168392
569342781
428791653
173856249


394527681
872196345
651483297
469251738
235874169
187369452
726945813
943718526
518632974


469837125
251649783
387512469
948356217
175928346
632174958
594781632
826493571
713265894


819532674
654187392
237946185
461278953
982653417
375491268
798314526
523869741
146725839


758436921
914528736
362179845
185342697
429867513
673951482
896215374
237694158
541783269


836927541
542163897
197584326
781456932
329718654
465392178
918275463
674839215
253641789


732596418
861743952
594218637
418657293
325489176
679132584
953824761
147365829
286971345


978412365
532968174
146537289
289756413
715243896
463891752
354189627
621375948
897624531


894725136
756183492
231469578
347912865
968534721
512678349
189346257
475291683
623857914


914758236
276493815
835216479
721645398
589321647
643879152
392187564
467532981
158964723


257368941
816249375
439175862
643981257
521437689
798652413
165893724
374526198
982714536


689527143
274391856
315648297
761459328
893276514
542813769
927184635
138965472
456732981


385126479
176894325
924357618
649285731
712943586
853671294
297568143
538412967
461739852


971683254
426579813
835124769
584362197
719458632
263791548
652937481
198246375
347815926


985437126
732169548
416582739
194825367
863794215
527316894
341958672
278641953
659273481


971462853
823751964
456983271
294137586
368524719
715698342
637819425
142375698
589246137


694381275
213795486
758624139
821459763
476138592
935267841
382546917
169872354
547913628


982456317
613729845
574138629
729581436
846397251
135642798
368215974
491873562
257964183


257693841
169824357
834175296
615738924
782941635
943256178
596482713
478319562
321567489


642357819
957816432
183924576
891732645
234165987
576489321
415298763
368571294
729643158


974132865
358476192
126598437
297614583
831957246
465823719
612345978
789261354
543789621


127394658
538126947
964587123
481269735
652731894
793458216
816945372
375612489
249873561


652431789
148579263
973268541
467392158
289615374
315784926
726943815
834157692
591826437


321957486
458236719
796481325
187369542
635724891
249815673
862173954
514698237
973542168


947136258
561892473
328475691
436987512
715263984
892541736
283754169
654319827
179628345


318759624
467123958
925468731
689312547
543876192
271945386
192634875
856297413
734581269


284957316
961342587
537186924
358491672
619725843
472638159
726813495
845269731
193574268


351296478
847153629
926487315
695748231
284319756
713562894
179834562
462975183
538621947


682317594
951468732
473592816
196843275
845721963
237659481
529186347
764935128
318274659


795328641
143756982
628194735
861437259
274965813
539281467
317849526
986512374
452673198


845723619
192658347
763194528
924576831
618239754
537481962
489362175
256917483
371845296


594876132
673152984
218493657
425619378
136785249
789324561
341968725
962547813
857231496


291638745
678542139
534917268
763185924
129463857
485279613
812754396
957326481
346891572


846392571
392571846
751486329
937624185
218935467
564817932
479258613
183769254
625143798


763249518
425183967
981756243
648532179
312497685
597861324
156978432
274315896
839624751


561493287
497852361
832671945
784536192
256918734
913724658
678149523
345267819
129385476


163879245
854236179
972451863
425698731
697314528
318725496
541967382
739582614
286143957


473862591
598714263
261593874
156479382
329685417
847231659
614928735
732156948
985347126


762931548
189546723
453872169
278453691
391627854
546189237
824315976
917264385
635798412


971486352
832715694
564923817
718694235
295831746
346572981
127358469
453269178
689147523


984537612
512689374
736142598
345296187
278413956
691875243
167354829
453928761
829761435


196542837
345687912
782931465
253164789
819723546
674859123
538476291
421395678
967218354


542173896
971468352
683952471
435297618
197846523
826531947
319785264
758624139
264319785


375168429
268439571
419527368
693281745
541973286
782645913
126394857
834756192
957812634


968732154
457861932
321549687
894256713
675318429
132974865
719625348
586493271
243187596


761285493
954763821
382941765
895134672
276859134
413672589
629518347
137496258
548327916


795183246
132964587
648572913
561827394
823495671
974316825
287651439
416239758
359748162


825347196
741692358
963815742
456279813
319486275
287153469
538761924
194528637
672934581


985167324
416932875
327458196
241579638
753681249
698324517
534296781
172845963
869713452


782945163
145326789
369718452
423861975
816597234
957234816
231689547
598473621
674152398


643815972
812769435
795432168
154628397
387194256
269357841
976283514
438571629
521946783


195824736
328657194
476319285
651932847
982746351
734581962
867295413
249163578
513478629


916543728
743682159
528791643
375416982
694258371
182379465
867935214
459127836
231864597


978245613
526831794
413769528
697452381
354186972
182397456
861573249
235914867
749628135


967382145
581746329
243519876
398275461
714863952
652194783
425937618
879651234
136428597


376184259
429536781
185792346
643251897
917468532
258973614
894327165
731645928
562819473


459261387
237854961
816379254
795136428
182945736
643728195
921687543
364512879
578493612


516948732
792163854
438275916
124687593
863519247
957432681
685324179
249751368
371896425


351984627
986127345
472536819
768392154
124765983
539418276
615279438
843651792
297843561


358219746
627483195
491576238
549621387
273854961
186397524
712968453
964135872
835742619


372591468
958764312
146238975
291387546
435126897
687945231
714853629
569412783
823679154


134265879
867931452
529487316
946573281
283149765
751628943
412796538
375812694
698354127


967812354
583794612
421653798
145267983
879345126
632981547
216439875
758126439
394578261


469758231
758312694
213964875
135687942
927541386
684239517
591423768
342876159
876195423


845916732
167823459
293547618
754192386
682435197
319678245
936284571
428751963
571369824


341879526
768352491
952641387
685413279
419726853
237985164
173268945
896534712
524197638


671598234
248371695
593264178
967153842
152847369
834629517
485736921
716982453
329415786


625914738
798623541
143875269
912348675
356792814
487156923
879461352
231587496
564239187


176934852
825176493
349528176
698257341
231849567
754613928
417365289
583792614
962481735


465782913
937154682
218693475
874531269
123967854
596248137
749815326
651329748
382476591


