871456329
452893176
936172584
594718263
127639845
368245917
283567491
719324658
645981732

185469732
697832145
324751869
241973658
856124397
973685421
739516284
468297513
512348976

439176528
172835496
856924713
328549167
765281934
914763285
587692341
241358679
693417852

941627538
573918462
862435791
638254917
429176853
715389624
387561249
154892376
296743185

492786315
316254798
875193264
183572649
547968132
629431857
951627483
268345971
734819526

982643571
514729683
736518249
257934168
148265937
369871425
691487352
475392816
823156794

831769542
942518637
756342981
467831259
528497163
319625478
695173824
174286395
283954716

187925436
342617598
569438127
213896745
758142963
496753812
674381259
935274681
821569374

148953726
753628491
629714538
914875263
586432179
237169854
461597382
872346915
395281647

821793456
356248719
749165382
563482971
982371564
174956238
697834125
415627893
238519647

579134682
618275394
342968517
864517239
921643758
735892461
497351826
183726945
256489173

629347851
713985624
845621973
254813796
387569142
961472538
436798215
198254367
572136489

564713892
912586374
783429156
156932487
329874561
847165923
278351649
691248735
435697218

189743625
462158739
537629418
628417593
945382176
713965284
891574362
374296851
256831947

398567421
257143698
614892573
985724136
123986745
476351289
831275964
749618352
562439817

749621853
816375942
523948176
195437268
634852791
287196534
962513487
478269315
351784629

415283967
678459123
239716845
741832596
983564271
562197384
324975618
157628439
896341752

425713689
361849527
897526413
682175394
714392865
539684271
958467132
246931758
173258946

513926487
276384159
984715236
759862314
642137598
831459762
327691845
195248673
468573921

126549837
547863912
398127564
932675148
814392756
675418329
759234681
463781295
281956473

247386591
938517642
165942873
754629318
312458967
689173425
471895236
526734189
893261754

761498532
958623417
234157986
826314759
173569824
495782163
512976348
647835291
389241675

831274965
547689321
962135784
126543897
794816532
385792146
619458273
458327619
273961458

364721895
798453261
215869734
823547916
571936482
946218357
152394678
637182549
489675123

185649273
743285169
692713845
264198537
831457692
957362481
519834726
328576914
476921358

189463527
367258491
245719683
614597832
953826174
728134965
592671348
876345219
431982756

672351894
591842736
834697152
789516243
316428975
245739618
923164587
467985321
158273469

314758629
675329841
928461357
461285973
237914568
859637214
196872435
742593186
583146792

378264591
652179483
941385627
784513962
523496718
196728354
215637849
867942135
439851276

326714895
947825163
851639742
213567984
584391627
679248531
168452379
792183456
435976218

382675194
679124538
145839726
216398475
438751962
957462813
764513289
823947651
591286347

928715436
516493872
473862915
632581749
145937628
897246351
759624183
384159267
261378594

546783921
298541673
173269845
932857416
754612389
861394257
429135768
617928534
385476192

145892763
839671542
762354189
258713694
614928375
397546821
571469238
986235417
423187956

482761953
791583426
536492178
823147695
174956382
659328714
947235861
218674539
365819247

531986427
497521638
682734591
768253149
245198763
913467852
324875916
856319274
179642385

132896574
687524319
549713286
895672143
376451928
214389765
958147632
461235897
723968451

835176492
612495783
497238156
571862349
364519278
928743561
759381624
283654917
146927835

853726491
271394865
964185327
718963254
539241786
426857913
397518642
685432179
142679538

591742683
786153294
432968715
625894137
917635428
348217569
874326951
163579842
259481376

613458972
528679341
497231568
964812735
235794816
781563294
176325489
859147623
342986157

251978634
376142598
948635721
614527983
735891246
829463175
163289457
582714369
497356812

534981762
762453819
918627345
189542637
276319584
345876291
627198453
851234976
493765128

124789653
635421789
879653421
512378946
746192835
398564172
483915267
957246318
261837594

613485279
745192836
289637154
362854917
871926543
594371628
957263481
428719365
136548792

936184527
827563941
514972683
498751236
165239478
273846159
642317895
751498362
389625714

965721843
734689512
821534967
486175329
159243786
273896451
547912638
318467295
692358174

758629413
129743685
634518927
915372864
243896571
867451392
381265749
572984136
496137258

849261375
271835694
365497821
652379148
138624957
497518236
716942583
983756412
524183769

345987216
912654738
867321459
536249187
274813695
198576324
759432861
483165972
621798543

493571628
178426953
625839417
854693271
237145896
916782534
781254369
342967185
569318742

652749831
839152746
147836295
763524918
594381627
281967354
428695173
315278469
976413582

582163974
794258613
613479852
365897241
827614539
941325786
238746195
456981327
179532468

648971235
521438769
937265814
786549321
352187496
419623587
175892643
863714952
294356178

286914735
731658249
954372816
497521368
365789421
128463597
879236154
542197683
613845972

384617295
519238647
627594183
892473516
736159824
145826379
463781952
271965438
958342761

982473651
537186294
461259738
128765349
649328517
753914862
895642173
376891425
214537986

531269487
427518396
986743152
613425879
854976231
792381564
368192745
249857613
175634928

495286137
183975624
276341589
641739852
738652491
952814376
869123745
314597268
527468913

567943182
428651973
913827645
792486531
835179426
641532897
356298714
284715369
179364258

319475628
842361975
756289143
634198752
271534869
985627431
493856217
568712394
127943586

794826153
632519874
815473269
526987431
473261985
189354726
248695317
361742598
957138642

894657321
571324869
326198754
769843215
283915476
415762938
137589642
952476183
648231597

321859674
856741923
479326581
167498352
945132867
238567419
512983746
794615238
683274195

912578643
638491725
475263189
293146578
561827394
784359216
329785461
146932857
857614932

679485213
184623759
235791846
562149387
917538462
348267591
756314928
491872635
823956174

751294386
268375941
394861275
179426853
586937412
423158769
835719624
642583197
917642538

268135974
153497628
794862135
925674381
831529467
476318592
389241756
547986213
612753849

219543678
638791425
754862913
495218736
162374859
387956142
573489261
846125397
921637584

341256879
658917324
792483165
219635487
435728916
867149532
173592648
586374291
924861753

896542713
451637289
327918456
145729638
632481597
789365124
513876942
268194375
974253861

631547298
549268371
872319546
217496835
965823714
483175629
324681957
758934162
196752483

845976213
197328456
326541879
953287641
472163985
618459327
731894562
264735198
589612734

569432718
183957246
427681359
716849532
358276491
942315867
694528173
275193684
831764925

865327419
273491865
194865237
681953742
437218956
952746381
318679524
529184673
746532198

124873695
735649281
689152734
378914526
246538917
951267843
593486172
867321459
412795368

541382769
962745138
837619245
713968452
428153697
659274381
186537924
275496813
394821576

517394268
268571394
943628751
871239645
429156837
635847129
756412983
184963572
392785416

986415723
712936548
354278196
698754312
235189467
471623985
527891634
143562879
869347251

942376581
816295374
573841692
485762913
369158247
127439865
238914756
694527138
751683429

584172639
276893541
139465287
862359174
953741826
417286953
721638495
645927318
398514762

827964531
136752498
549381627
754216983
382495716
961837254
695178342
413629875
278543169

164897325
928345761
375162894
693758412
417926583
582431976
231579648
859614237
746283159

457326891
318957642
296184357
123695478
965478123
874231965
731569284
682743519
549812736

658942371
349175682
127386954
934728516
571634829
862591743
296457138
783219465
415863297

572643198
936158247
418972536
329814675
185367924
647529381
253481769
891736452
764295813

345678219
968142537
712593486
236981745
857264391
194735862
429317658
581426973
673859124

739865421
216347598
584219763
461593287
357628914
928174635
175986342
893452176
642731859

586917432
372486591
491253678
129748365
765321849
834695217
958134726
247869153
613572984

574392618
819675432
632481795
125837946
947256381
368149527
496518273
751923864
283764159

142679583
537481926
968235741
716543892
259867314
483912657
691754238
824396175
375128469

387546921
914238657
256791843
172359468
493687215
865124739
739412586
641875392
528963174

835479126
479216385
216358479
658132794
723894651
194567238
362945817
587621943
941783562

342865791
579214683
681973452
715398246
268741539
493652178
824536917
137429865
956187324

862947351
451836729
379215684
936581472
524673918
718429536
643158297
197362845
285794163

627598314
934162758
185743629
248619537
569374281
713285946
376421895
851937462
492856173

974352861
613894725
852671439
148725396
569413278
327968154
231589647
496137582
785246913

682519734
471236958
935784162
197845623
528367491
364192587
249678315
816453279
753921846

217458936
398627541
645139827
854376219
732591468
169284753
921743685
473865192
586912374

316289547
784516392
952734168
495862731
831975426
267341859
623157984
579428613
148693275

217856943
536149872
489327561
342965187
168734259
795281436
623418795
871593624
954672318

745216938
863594217
192873465
674351892
239768154
518429673
957182346
481637529
326945781

354976821
167258943
928143765
479381652
215764398
836529174
791432586
643895217
582617439

198367245
423951687
657428391
315784962
946512873
872693154
789235416
531846729
264179538

645127839
279834156
138659427
492718563
587463912
361592748
914386275
723945681
856271394

352167489
794835162
186924537
673241895
829356714
415798623
247683951
961572348
538419276

421597683
856213947
937468125
378941562
215386794
694725318
782159436
163874259
549632871

924375186
637814529
851962473
719638245
568421397
243597861
492156738
375289614
186743952

792385416
416972358
583641792
168729543
379564281
254138679
935217864
821456937
647893125

587163942
614592783
239478561
128935476
946827315
753641298
495316827
371289654
862754139

513849762
724653918
689217345
297438651
841765239
356192487
162984573
475321896
938576124

319487526
528693714
647251389
936548271
154972638
872316495
793164852
261835947
485729163

432985761
756413289
198672534
317248956
825769143
649351872
961837425
584126397
273594618

291345786
567198243
438267195
382914657
756832419
914576832
823651974
175429368
649783521

684591327
531247869
279368415
423785196
165932748
798416253
316854972
857129634
942673581

692317458
738945162
145826973
284759316
316482795
957631824
879564231
523178649
461293587

386742159
945618732
721935684
273196845
419853267
658274913
864329571
132567498
597481326

827943651
345167982
961825437
134589276
296374518
758612349
679451823
413298765
582736194

716823954
583694721
492571386
169235478
827146539
354789162
271958643
935462817
648317295

314962785
279158463
685437912
153879624
847625139
926314857
561743298
792586341
438291576

658793142
731284956
924615783
486137529
579428361
312569478
165342897
843976215
297851634

279614538
541823697
683579412
956482371
138796254
724135869
865941723
492367185
317258946

697518243
523746819
418392756
284935671
159674328
376821495
935287164
842169537
761453982

174589632
589263417
632714589
741892365
956431728
328675194
863957241
297146853
415328976

162385497
798416523
354297168
623759814
947821635
815634279
439168752
571942386
286573941

192756384
837412569
465398127
654271893
371985246
928634751
749523618
286147935
513869472

293768514
785194263
146253879
361942785
952387641
874516932
428635197
539871426
617429358

861372495
497165382
523948167
985217634
132694758
746853921
614589273
378426519
259731846

237865149
158429736
496137825
965271483
374698512
821354967
543986271
619742358
782513694

962814375
475239861
381567429
719328654
628451793
534976218
857693142
246185937
193742586

389274651
267158934
145936872
654829317
912367548
873541296
791683425
428795163
536412789

916587234
835462179
427139865
591328647
264751983
378946512
152873496
749615328
683294751

376859241
841273596
952146837
537924618
284761359
169538724
413682975
695317482
728495163

813745962
497263158
625189734
968574321
531628479
274931586
742316895
156897243
389452617

892643157
645178932
173592684
217869345
436257891
958431276
761385429
329714568
584926713

735691482
124785936
968243751
487352169
613479825
259816347
572934618
846127593
391568274

821659473
465137928
973842156
534976812
716284395
298513764
642391587
359768241
187425639

193564728
428739156
765128934
681952347
372641589
954387612
546873291
839216475
217495863

697485123
518237496
243619587
356821974
781594362
429763815
865142739
134976258
972358641

517493628
823675941
649182537
781269453
364758219
295341876
472916385
156834792
938527164

742931865
659842713
381657924
426795138
197384652
538126479
264519387
815473296
973268541

526394781
874152396
193867254
761925843
932418567
458673912
385241679
219786435
647539128

672184953
345269718
189537642
731428596
954673821
826915374
518746239
467392185
293851467

428591367
173426985
569783124
237168549
946357812
815942673
691234758
754819236
382675491

823169754
154327689
796548213
537291846
219684537
648753192
381976425
462835971
975412368

513687294
469235781
287194563
678921435
935746128
142358976
796513842
354872619
821469357

439856172
762913485
518472936
154739628
986245317
273168594
347581269
625397841
891624753

854762931
217539684
936148275
792815346
548623197
163974528
375491862
689257413
421386759

752149836
649583172
813762945
287451693
934628517
561937284
428315769
375896421
196274358

374192568
298563741
165784932
932658417
547321689
681479253
713945826
859216374
426837195

278419536
341625798
965873412
819346257
453297861
726581349
182954673
694738125
537162984

928657314
416392578
375148692
532871469
691435827
784926135
843269751
267514983
159783246

672483591
481529376
953716842
519678423
736254189
824931657
147395268
268147935
395862714

487916235
269345781
315827496
894671352
671253849
532489167
126538974
753194628
948762513

146573298
923814765
875269431
591786324
437192856
268435179
352948617
614357982
789621543

197453628
843296157
625871943
371562894
589134762
264987315
716345289
438629571
952718436

925836147
146972853
873514962
351748629
694253718
782169435
537691284
269485371
418327596

459762831
317958426
628143957
785691243
136425789
942387165
574216398
891534672
263879514

278964513
635712948
194358726
961523874
543871692
827496351
712685439
389147265
456239187

647135829
238967154
915842763
592486317
873251496
164379582
329718645
786594231
451623978

365891247
714265938
829473165
473126859
251389476
698547321
936714582
587932614
142658793

561327948
237489615
498561732
815643297
629715384
374298156
143876529
752934861
986152473

819726435
763459218
425183697
576841329
294637581
138592746
642978153
957314862
381265974

937814625
241635798
658792413
864279351
195368274
723541986
519426837
472183569
386957142

516284937
784953162
329716854
965142378
842379516
173568429
297435681
438621795
651897243

689571423
521943678
437286591
248619735
913752864
756834219
195467382
862395147
374128956

518263794
734198526
926547813
283976451
675314982
491825637
157682349
842739165
369451278

635821974
814793625
972456318
587362149
341589267
296174853
769235481
453618792
128947536

764359812
921784635
853216794
415697328
296831457
387425169
672543981
539178246
148962573

253164789
984375621
671892543
395748216
468231957
127956438
816427395
732519864
549683172

753926418
261485379
849713265
197268543
632549781
485371926
314892657
976154832
528637194

275361849
481592673
639748152
197623485
852914736
364875291
713456928
928137564
546289317

754926381
281354967
369187524
193278645
542613879
876495213
917562438
635841792
428739156

467921583
319785642
852364971
235148796
946257138
178693254
683572419
791436825
524819367

745628319
981573426
326491857
872365194
413987265
569214738
697832541
134756982
258149673

512397468
687245319
349681725
765924183
821536974
934178256
458713692
196452837
273869541

543968271
189742563
267153984
651384729
938271645
472695138
716839452
324517896
895426317

471956238
863274915
592381476
189635724
245798163
736412589
928143657
314567892
657829341

485739216
263815974
197426583
379258641
518964327
624173895
846397152
931542768
752681439

531862479
978415236
642379581
194587623
865293147
723146958
256731894
389624715
417958362

518237496
792564183
364981275
823146957
179853642
645792831
981325764
457619328
236478519

358427169
614958732
927613845
265871493
843269517
179345286
486792351
731586924
592134678

742635918
536981742
198274356
215863497
379142685
684759231
957328164
863417529
421596873

327159486
586274391
914638275
149563728
835792164
762481953
293846517
478915632
651327849

627148395
841395276
935276814
279534168
153682947
486917532
714829653
598463721
362751489

597124386
218653974
346879215
872941563
964735821
153286497
429367158
731598642
685412739

651748293
723619548
489352716
348276951
192584637
576193824
837425169
965831472
214967385

256391748
173468529
984725136
841539267
697812453
325647891
768954312
419273685
532186974

192386547
358974261
647512398
215849736
476153829
983267154
569738412
721495683
834621975

628435719
739168524
541279863
154726938
296583147
387941652
875312496
962854371
413697285

163728459
284593167
795461823
578214396
316859274
942637581
437985612
659142738
821376945

287496531
931875246
456321978
512734869
769182453
348659127
123568794
875943612
694217385

617425938
459378126
832691745
745932861
283167594
196854273
324589617
968713452
571246389

276138495
185924376
394567128
823756914
957341682
641892753
468279531
732615849
519483267

578639214
369124857
124578693
452317968
893246175
617985432
746851329
935462781
281793546

349862751
627351849
815794326
564183297
782945163
931276584
493518672
256437918
178629435

314298576
758641392
296375148
149527683
627834951
583169724
932786415
465912837
871453269

836457921
142369875
759218346
481795632
963124587
527683194
314876259
275931468
698542713

127958463
435276819
896413257
649785132
381692574
752341698
968134725
274569381
513827946

315689472
924357861
687421539
236874195
549216387
871593624
763945218
152768943
498132756

