298543176
763219485
451687923
584392761
136475298
972168534
649731852
815926347
327854619

947812653
138569724
625743198
792635841
581427936
364198275
213984567
879356412
456271389

758941623
429836157
163725489
632517894
817394265
594268731
975482316
386179542
241653978

287319456
691245378
453768291
816573942
742891635
935624817
164987523
578432169
329156784

764391825
251648793
893725416
485973261
619254378
372186954
938562147
547819632
126437589

286537914
547918236
319642578
953124867
824763159
761895423
172389645
638451792
495276381

524381769
916745382
387926541
763294815
458173926
291568473
649852137
835617294
172439658

734695182
562138479
198274563
943856217
825719346
617342958
476523891
289461735
351987624

976254138
132789564
584631972
267145389
495378216
318962745
851423697
629817453
743596821

472695318
165832497
983147562
359284176
816579234
724361985
647923851
538416729
291758643

574983162
396512784
821647593
965138427
782456319
143279658
458391276
637825941
219764835

934568127
871492365
652731849
325879614
168345792
497126538
783914256
546283971
219657483

214789653
698532741
375416829
489123567
752964318
163857492
941375286
527698134
836241975

487153962
512968347
639742185
374685219
298317456
156429873
725891634
941536728
863274591

963712548
574896312
821354697
452679183
186543279
739281456
647128935
298435761
315967824

576183942
394257681
182649357
815962734
967834215
243715896
621498573
738521469
459376128

371265849
549781362
826934571
715349286
984526713
632817954
158492637
497653128
263178495

564239718
731684952
298157463
823715649
475963821
916428537
182576394
359842176
647391285

856274193
237159468
194386257
485913726
912768345
763425819
521897634
379642581
648531972

864291735
179345826
235687941
923754618
617928453
458163279
586432197
792516384
341879562

678412539
235967184
149583672
321896745
584731926
796254318
953128467
412675893
867349251

489762315
517938246
236514987
765123894
124689573
893475621
372846159
651297438
948351762

591248763
647193582
382765419
265317948
739824156
814956237
128439675
953671824
476582391

368794521
925681743
417523968
594368217
276159384
831247695
689475132
152836479
743912856

351428679
728693145
469157832
246815397
983762514
517349286
192534768
675981423
834276951

392716548
158423967
647598231
576931824
821647359
439285176
714359682
963872415
285164793

638579214
172684395
954132687
715496823
243718956
896325471
421967538
587243169
369851742

237961854
456283971
819745236
182537649
564892317
973416582
321678495
795324168
648159723

835674921
267319548
194285736
679523184
428961357
513847269
982136475
341758692
756492813

794613852
183542679
652978314
517486923
428739165
369251748
276894531
935127486
841365297

839714562
156382794
247659381
428963157
695471238
371528946
513246879
784195623
962837415

916837245
824569137
375124689
689745312
243916578
751382964
598673421
467251893
132498756

172564839
458391726
693278541
831659274
724813695
965427318
289135467
347986152
516742983

329857146
457162983
816493527
681549732
573628491
294731658
962314875
148275369
735986214

296184375
871953462
453627189
768541923
142839657
539276841
385492716
914765238
627318594

584931627
379268154
612745938
498357261
725619483
163824795
857492316
931576842
246183579

179254863
468173295
352896417
741362589
896517342
523948176
237681954
615439728
984725631

432967518
186542973
597138642
621785439
973426185
845391267
354819726
768254391
219673854

396215784
214387596
785469312
641953278
528741963
973628145
132876459
859134627
467592831

198673524
564298173
732451689
327549816
946182735
815367492
479835261
253716948
681924357

576923481
492518376
318746295
764135829
259874163
183269547
625491738
941387652
837652914

873629514
216453987
954178326
682917435
137845692
495362178
741296853
329584761
568731249

864529317
357841629
921376548
486235971
715968234
293714856
539487162
178652493
642193785

394871652
261354987
857692143
739185426
185246739
426937815
913568274
572419368
648723591

145278693
698453721
327691854
256319478
489567312
731824569
914786235
573942186
862135947

587419326
296385741
314276985
942561837
673824159
158793462
731658294
469132578
825947613

813762945
645839217
297415386
189627534
472153698
536984172
358241769
761598423
924376851

948217563
365894721
172365498
539142876
287536149
416789352
824673915
753921684
691458237

932614587
568937241
417258639
641572893
285349176
793186425
159823764
876491352
324765918

954823761
683179425
127564389
246951837
895736214
371248596
719385642
432697158
568412973

194276358
628315947
573498216
367524189
482139675
951687423
739841562
245763891
816952734

152896437
789243615
436715289
893127546
641359728
527468193
918572364
265934871
374681952

936512748
874936215
512748936
769823451
128495367
453671829
281369574
697254183
345187692

761483952
482975361
395126784
639248517
814597236
257631498
926314875
173852649
548769123

538291476
167834295
249576381
485623719
913487652
672159834
326918547
851742963
794365128

463172895
297854613
518396274
936741528
725968341
841523967
672485139
384619752
159237486

619742385
287365914
534981267
852496731
791823546
463157892
376219458
128534679
945678123

175369248
832415796
964728351
583274619
426981573
791536824
617892435
248153967
359647182

852761943
369254718
714893562
238519674
675348291
491627835
946182357
183975426
527436189

932485761
184769235
756231948
243958176
891674523
567123489
619347852
425816397
378592614

328496175
961537248
547182936
685274319
172953684
493618752
859321467
736849521
214765893

389126547
465978231
172453968
531862479
697345812
248791356
753219684
916584723
824637195

359482167
416937825
827561493
974356281
631824579
582179346
168745932
293618754
745293618

186294375
537618942
942375681
421739856
879156423
365842197
754961238
698523714
213487569

392154786
865732941
147896325
729341658
431568279
586927413
254689137
973415862
618273594

317258469
269341587
458967132
634712958
782596314
195483726
846139275
971825643
523674891

218973645
396415872
754826193
572189436
189634257
463257918
927361584
831542769
645798321

135984276
869237451
724615893
497521368
582369714
613748925
276453189
941876532
358192647

679124853
541368972
283759164
192647538
435981726
768532491
856493217
927816345
314275689

651473829
497258136
832916457
583629714
149785263
276134598
765892341
928341675
314567982

985317624
762849315
431526798
273481569
846952173
159673482
518264937
694738251
327195846

186729435
472315689
935486271
368592714
251674893
749138526
824961357
517243968
693857142

872314695
396857241
451629738
129548367
587963412
643271589
964782153
718435926
235196874

938176245
467952381
215834697
879543162
651289473
324761958
592418736
743625819
186397524

369821574
815479632
472365189
124793865
798546321
536182947
651234798
947618253
283957416

852914637
679328154
134756829
263549781
915287346
748631592
491875263
527463918
386192475

742615893
386794215
195382467
578431926
231569784
469827351
954178632
627953148
813246579

681532947
794861235
235974186
912345768
368297451
547618392
426159873
873426519
159783624

129634875
845217963
673598214
461975328
297863541
358421796
514789632
732156489
986342157

754891362
926534187
813762549
498253716
371689425
265417938
587346291
142978653
639125874

863527419
529143786
174869532
782915643
936478125
451236978
647352891
395781264
218694357

824539167
137426589
569718342
951362478
482971635
673845921
348197256
796254813
215683794

219467385
678253941
354819762
597326418
431985627
826174593
785642139
163598274
942731856

327846915
481579236
695231487
762154398
154398762
839627541
513982674
946715823
278463159

132854796
968712354
745396218
697285143
854139672
321467985
519628437
486973521
273541869

716598342
384127596
592634817
673819425
958342761
241756938
469285173
837961254
125473689

193478562
465231987
782596341
847352196
321964875
659817234
238745619
976123458
514689723

169354872
584726139
237891654
756982341
912463587
843175296
698517423
425639718
371248965

715634289
392187564
486952137
951368742
648271953
237549618
869713425
574826391
123495876

479831562
613527894
285964173
391245786
824796315
756183249
938672451
562418937
147359628

572834961
839516247
146729538
318275496
267493815
954681723
681952374
425367189
793148652

816925473
972314865
543867129
138746592
269531784
457298631
384659217
791482356
625173948

265314987
493857261
871629354
932578146
547261893
618943725
724185639
189436572
356792418

791286345
283145769
564937128
179652483
346879512
825314976
952461837
437528691
618793254

923746158
751982463
684513729
472895631
835621974
196374582
518269347
269437815
347158296

791265834
324978165
586431792
218697453
935824671
647153928
462519387
853746219
179382546

274619358
958374612
136825497
829731546
745296183
361458729
613942875
597183264
482567931

832561974
967824153
415793862
693417528
781952436
254386791
576248319
328179645
149635287

769231584
821547639
435689721
356712948
947358216
182964357
213876495
574193862
698425173

896235417
251487639
743961285
324159768
518376942
967842351
479618523
135724896
682593174

526148379
413759826
978632451
852497163
137826594
694513782
385964217
749281635
261375948

149275638
875364291
623981457
784693125
936512874
251748963
467139582
598427316
312856749

841295763
753641928
269873451
524369817
398157246
176428539
635782194
917534682
482916375

287194563
954623817
316875249
835746921
492531786
671289435
128967354
763458192
549312678

536481927
924756381
187392465
371865294
465239178
892147536
643528719
219674853
758913642

237148596
984675132
156923748
465387219
723419685
891562374
518796423
649231857
372854961

831927456
527146839
964358721
493871562
752634198
618592347
289413675
376285914
145769283

541863792
963247185
872591463
619435278
425786319
738912546
157629834
286374951
394158627

685197423
471832596
293456871
734615982
852349167
916728345
567981234
148273659
329564718

937641852
182759463
654238179
398174625
271596348
546823917
713482596
865917234
429365781

259763814
417985236
863421795
345279681
798146523
621538947
536894172
182357469
974612358

169427538
842539617
537168429
396854172
475312896
218796354
621943785
754281963
983675241

241697583
865143972
793258461
528931647
134786259
976425138
457812396
382569714
619374825

524918673
367452981
891673254
786135429
439267518
152849736
975386142
618724395
243591867

513984627
829576134
467321598
345698271
786213459
192457386
231869745
658742913
974135862

546371982
839542617
271869354
165934728
498725136
723186549
357298461
984613275
612457893

791386524
523941786
486257913
965428137
218673495
374519268
139765842
647892351
852134679

785192463
362854179
914376582
479213658
651789234
823465791
536941827
247538916
198627345

397581624
156742398
842369157
261957843
985634712
473128965
519473286
724896531
638215479

635278419
714963582
892154376
183695247
269847135
547321698
976412853
351786924
428539761

489175236
215963784
673248951
346712598
157896342
892534617
721459863
964387125
538621479

124985736
653724189
879631524
932176845
567348291
418259367
341592678
796813452
285467913

971654238
583721469
642839571
234176895
195348627
768592143
817263954
329485716
456917382

537162489
842593671
961874325
415328967
793416258
286957134
324781596
679245813
158639742

897462513
246531879
135987264
752318946
684729135
319645728
478153692
923876451
561294387

231458976
758196324
469237185
683925417
574813692
912764538
127649853
845371269
396582741

835274961
746913258
921865734
483692517
619547382
257381496
574136829
192758643
368429175

835417296
172689534
694235817
419368725
387592461
526741983
958173642
743926158
261854379

327681495
481359267
569742381
673514829
215968743
948237516
156823974
732496158
894175632

684513972
523679481
971428536
235791864
497862315
816345297
149286753
758134629
362957148

946758123
218396745
375412986
497631852
563287419
182549367
824963571
631875294
759124638

523869417
168347259
749512863
436985721
857621934
291473586
615798342
372154698
984236175

745829136
912643758
683571429
456192873
279438615
831756294
167985342
398214567
524367981

756184239
283967514
491352867
914238675
567419328
832576941
379821456
128645793
645793182

493261587
567348921
821579346
952436718
346817295
718925463
139654872
274183659
685792134

691725483
584163927
732894561
129687345
875431692
463952718
316548279
247319856
958276134

742195368
315628947
869473215
487562139
156349782
923817654
671984523
238751496
594236871

169532478
742168935
853794162
621857394
594326817
387941256
475213689
916485723
238679541

285374169
179286354
463159278
918745623
627813495
534692817
352968741
746531982
891427536

861792435
974563128
352148796
643259871
528471369
719836254
196387542
487625913
235914687

143872695
258619473
679453821
387961542
925784136
416325789
791538264
832146957
564297318

316975842
294618375
785243916
639524187
157896234
428137659
872359461
943761528
561482793

162574389
438219765
579863421
841326597
926751834
753948612
617482953
294635178
385197246

594861273
762593814
831247956
457386192
213974568
986125347
628459731
345712689
179638425

935714628
216958473
784362195
169873254
543621987
827495361
498536712
372189546
651247839

948316572
273549186
651872493
862495731
597631248
314728965
429163857
735284619
186957324

386715429
291438576
475962138
143596287
759284613
862371954
614857392
538629741
927143865

763859142
598124673
124673859
649237518
857916324
312548796
486795231
971362485
235481967

567928314
398451267
142736985
215649738
476382591
983175426
731264859
829517643
654893172

967214853
125378694
843965172
681497235
732586941
459123768
578631429
396842517
214759386

741692385
932851476
685347192
267419853
358726914
419583627
594238761
173965248
826174539

397846125
148592673
625731894
452683719
936175482
781924536
813459267
264317958
579268341

589124763
712963584
346857129
475216938
621389457
938475612
163742895
257698341
894531276

927483156
165279384
834516972
312947568
498365217
756128439
573692841
649851723
281734695

583149267
792635184
164278539
438562791
917483652
256917348
349751826
821396475
675824913

435829671
678135492
129647385
593261847
781493256
246758913
954376128
317982564
862514739

896723451
257184693
143659827
471965238
369812574
528347169
634598712
912476385
785231946

843271695
652439718
971685342
368142957
715396824
429857136
136528479
587914263
294763581

816245973
723918645
594673128
465729381
182534769
379861254
641382597
258197436
937456812

543621987
796548312
812379654
479865123
251437869
638912475
927183546
165794238
384256791

361549728
842376159
597182346
423758691
716924835
985631472
659417283
178293564
234865917

286714359
749853126
351629478
592468713
638571942
417932865
974286531
823145697
165397284

654978321
813426975
729513486
396852147
285147639
471369852
967234518
542681793
138795264

732416958
481795326
596238417
219643875
854927163
673851249
147369582
928574631
365182794

831257964
627941385
945638712
296375148
314892657
578416239
483129576
762583491
159764823

981573426
345692817
762481359
618235974
273946581
594817632
836129745
429758163
157364298

873921645
964735128
251846739
182374596
637598214
549162873
716453982
495287361
328619457

978423156
145796328
623185479
314857962
782964531
569231847
237519684
851642793
496378215

192468375
873592416
456713982
361954728
925387641
784126539
549871263
638249157
217635894

987426351
651983274
243571896
312645987
568739412
479218635
196352748
725894163
834167529

271546983
684193275
359287641
938425716
547961328
126378594
413759862
892634157
765812439

589346127
267851943
134972568
612798354
795634281
348125796
473289615
956417832
821563479

596281734
283647915
174593862
357914628
641852379
829376451
735428196
968135247
412769583

625179483
391648725
748325691
814963572
269857134
573412968
956234817
482791356
137586249

316879452
859234176
472651839
183927564
695148723
247563981
961385247
738492615
524716398

782153946
169748235
534269817
975836124
218475693
346912758
893624571
657391482
421587369

432976518
618354972
975218634
564783291
291645387
387192465
726431859
153829746
849567123

259786143
387142695
614539782
765824319
421395876
938671524
193257468
572468931
846913257

846973251
327581694
951462738
263845917
178329546
495716823
589634172
614257389
732198465

918275436
365948127
472136598
631852974
754369812
829417653
583621749
297584361
146793285

561782493
947361528
328954716
279135864
634827159
185649237
492573681
853416972
716298345

531826479
849571632
267349185
375612948
924758316
618934257
752463891
486197523
193285764

915248367
248673915
673195248
397851624
521964873
486327591
132786459
759432186
864519732

657921483
214835697
839674521
348769152
192583764
576142839
725498316
961357248
483216975

573681924
148972356
926354187
714539862
892716543
635428791
367845219
289163475
451297638

546198237
129573846
378624159
962485713
751236984
483719625
895361472
214957368
637842591

736194258
915328674
428756319
162485937
897231465
543967182
354679821
679812543
281543796

615823749
324957816
798641253
957362184
241589637
863714592
539278461
176435928
482196375

123594678
975682431
846137295
687951324
239846157
514273986
752419863
361728549
498365712

674913285
895462173
231875964
368159427
129647358
457328619
583296741
946781532
712534896

523179648
946328517
718645293
681734952
357962184
294581376
869453721
475216839
132897465

516479328
347286591
892351764
925647813
674813259
183925476
458162937
269738145
731594682

891742365
573619824
426583917
147258693
965371248
382496751
658934172
214867539
739125486

659327184
374681295
128945637
743169852
265738419
981254763
896473521
517892346
432516978

614839572
859247361
723165984
135628749
487593126
962714835
296371458
348952617
571486293

482693571
396517428
517842963
263174895
751289634
849356217
925738146
134965782
678421359

638129754
591784263
742365891
156238479
927456318
384971526
219847635
863592147
475613982

619534287
857162943
234789561
785621394
362947158
941853672
526418739
198375426
473296815

692485173
145273698
738196452
427319586
913568247
856742931
289634715
361957824
574821369

692831457
547692318
381475269
438127695
756984132
219356874
173249586
825763941
964518723

472683159
516249783
938715462
867124935
329567841
145398276
284936517
793451628
651872394

925618743
681374592
374952861
748263159
536791284
192845376
863427915
259186437
417539628

896315724
371249658
245867931
968132475
712654389
453978162
684721593
539486217
127593846

514892637
762534819
389617425
428175396
695348271
173269584
847953162
936421758
251786943

397412568
512689734
486735912
724153896
158296347
963847251
879361425
645928173
231574689

624578139
971234568
538169742
756912384
289453671
143687925
315846297
862795413
497321856

583671942
674829513
912453768
745218639
136794285
829536174
361985427
258147396
497362851

673495812
851327649
492681357
716239485
349518726
285764193
564872931
138956274
927143568

168327945
527194863
934685172
741538296
853269417
296471358
372946581
485712639
619853724

214539786
389746215
567128493
143972658
692815347
875463921
456391872
738254169
921687534

456793182
931482567
728156394
643975821
895261473
217834659
389647215
174528936
562319748

784216359
519438627
623597841
862145973
135769482
947823165
451382796
376954218
298671534

798532416
621849375
435167829
956283741
813794652
247651938
364915287
579428163
182376594

238597461
796148253
415362879
527914386
364285917
189673524
652739148
941826735
873451692

968742153
721359864
543861297
635184729
179235648
284976315
812493576
457628931
396517482

961725843
482613579
537948261
819234756
326571984
745869312
693157428
254386197
178492635

531692487
894571632
672483591
716854923
348269175
925137864
483716259
167925348
259348716

948276153
531894267
726135498
395467812
687512934
412983576
169348725
274659381
853721649

264985137
738412956
591367482
152734869
479658213
683291574
945876321
826143795
317529648

741829365
283615974
659374128
426953781
938741256
175286493
312598647
567432819
894167532

597681423
683429751
241753896
126897534
954136278
378245619
432978165
819562347
765314982

754369182
682517394
931824675
176435829
548291763
329786541
863142957
417958236
295673418

387419652
152876349
964532178
249153786
675928431
813647295
791284563
428365917
536791824

918632745
723154986
465879123
851923674
694785312
237461859
146297538
582316497
379548261

879316254
364275189
251849376
617932548
543187962
928564713
496753821
135428697
782691435

354176298
286549713
971382465
712458639
849623157
635791842
493817526
128965374
567234981

918234756
624579381
573168249
837415692
249687135
156392874
481923567
365741928
792856413

129756834
357184296
846329571
563978412
712543689
498612357
274831965
935467128
681295743

916843275
724615398
853297416
395786124
681429753
472531689
539162847
247358961
168974532

351826479
982745163
467391825
623917584
518634297
794258631
275163948
136489752
849572316

952381764
837465291
146279835
785193642
361724958
429856317
573618429
698542173
214937586

874365291
613972458
592481763
285697314
437518629
961243875
756134982
328759146
149826537

296517384
583492167
741683259
129876543
837154926
654239718
312948675
968725431
475361892

196538472
487912653
253647198
745863921
318295746
629174835
561429387
972381564
834756219

687213954
341596728
259847361
512938647
796451832
834672195
163725489
475389216
928164573

794836215
218594367
365271489
581649723
423157698
679382154
936715842
842963571
157428936

946213758
571894263
238576149
127649835
395187426
864325917
459732681
713468592
682951374

764152398
289346715
351879246
417695832
592783164
638421957
145237689
876914523
923568471

723945816
896312475
514768932
389426157
142857693
675139284
968574321
237691548
451283769

251697384
843521796
697438512
782164953
369285147
415379268
126943875
574812639
938756421

497265318
825341967
613978542
784693125
269514783
351827496
938156274
542789631
176432859

294617853
137958624
658423179
871536942
345291786
926784315
469175238
513862497
782349561

843765129
167923458
952184376
795236841
316478295
284591637
578312964
629847513
431659782

751238496
682749513
349615278
568973142
924186735
173524689
817352964
236497851
495861327

876914253
254376891
319825647
793482516
548167932
162539478
931258764
427691385
685743129

378125946
615794823
429836715
531469287
847312569
296578431
183257694
952643178
764981352

864529731
391847625
275613894
586971243
127436958
943258176
458192367
712364589
639785412

723849561
698315427
514762893
162594378
879136254
435278916
281457639
957683142
346921785

659142873
274863591
813759462
785916324
142378956
936524718
391685247
468297135
527431689

394152867
786934152
512687493
425879316
167345289
839216745
958721634
241563978
673498521

153976824
849213657
762584931
275469183
496831572
381752469
617395248
934628715
528147396

738145926
261983574
594762318
659217483
147358692
823694157
975836241
486521739
312479865

194865327
283497615
657123489
936518274
528749163
471236958
869351742
345672891
712984536

129456783
356781942
874923615
632514879
917862354
485379126
268195437
793248561
541637298

281976435
496315287
537482619
145268973
679143852
328759146
863524791
912837564
754691328

921758643
658493172
734261895
269187534
183524967
475639218
547912386
892346751
316875429

512378964
437296851
986154372
125763498
748921635
369485127
694512783
273849516
851637249

718654932
256379841
493812765
572468193
369721584
184935276
627193458
941586327
835247619

516487392
397521846
824639175
249368517
158794263
763215984
975142638
431856729
682973451

529483716
163579428
478261935
396725184
857146392
241938657
912657843
635894271
784312569

476958231
931264857
582173469
849731526
715426398
623895174
167382945
298547613
354619782

192634587
574298163
368157942
241965378
857423691
936871254
615742839
483519726
729386415

451298763
239675841
876341529
568437912
192586374
347129658
713954286
984762135
625813497

769358142
251467983
483912756
942836571
615794328
837521694
176289435
598643217
324175869

591246738
234875196
687193254
329561847
765489312
148327569
456738921
973612485
812954673

952176483
873425196
614389752
247938615
581264937
396517248
438692571
125743869
769851324

876591423
523647918
149238756
785319264
462875139
931426587
614753892
258964371
397182645

971265384
283947165
654381972
516823749
392476851
748159236
137694528
425718693
869532417

423571896
856923147
971648253
347295681
619784325
285316479
562839714
198467532
734152968

824139657
937625148
651847932
249371586
763458291
185296473
598762314
316584729
472913865

473516298
526879143
819324657
182495736
957631824
634782519
795148362
341267985
268953471

579318624
183462597
426975138
917823465
345196872
268547319
894231756
751689243
632754981

134897625
527361498
896254731
213685947
649713852
758942316
361428579
482579163
975136284

123586947
964137258
785249316
897461523
531892674
642375189
279614835
356728491
418953762

857293461
394516728
612784593
573842916
186359274
429167385
931625847
265478139
748931652

958231647
126487395
473596128
547819263
819623574
362745819
281374956
694158732
735962481

436179582
795238461
281456937
947561328
518723694
362984715
653842179
124397856
879615243

287495613
965317842
143268975
832951467
651874239
479632158
324586791
518749326
796123584

523946178
698317452
471528936
249675381
785139264
316482597
837294615
154863729
962751843

493865127
872431695
156972438
761253849
945786312
328194576
284519763
539647281
617328954

312568794
574932861
968471325
259314678
137896452
486257913
623745189
841629537
795183246

685497123
924183567
137562984
851724639
462938715
793651842
276849351
318275496
549316278

345762198
178539246
692184573
814673925
937245861
526918437
261897354
753421689
489356712

483962517
129375468
675481392
514823976
836719254
792546831
251698743
348157629
967234185

958746213
264351798
317928546
472693185
639185472
581274639
196537824
743862951
825419367

825947316
714386529
963251784
637125498
158479632
249863157
496532871
572618943
381794265

827469513
156237984
394185267
763512498
485973621
219846735
548621379
932758146
671394852

862439715
739615248
145872396
617243859
984567123
253981467
491758632
328196574
576324981

413598276
678213945
952647318
289761534
531482769
746359821
124935687
365874192
897126453

721354986
659178243
384269157
572946831
498731562
163582794
247893615
835617429
916425378

846251379
953467182
271938465
785694213
364125798
129873546
438516927
697342851
512789634

651973842
473268159
892145736
384617295
927854613
165329478
548796321
239481567
716532984

753148926
842976315
619523847
538412679
427659183
196387254
371265498
265894731
984731562

795416823
836297154
214538796
187362945
423951687
659874312
978645231
341729568
562183479

845931276
716482593
932765184
591327468
487196352
623548719
164259837
359874621
278613945

518749632
937612458
246358791
872493165
194576283
653821974
725934816
381267549
469185327

379251846
856734192
421968537
265413978
194587263
783629451
638195724
517342689
942876315

619845237
453729186
872631495
265197843
794386521
381254769
947568312
136472958
528913674

384926751
195374286
672158349
819435627
546217938
237689514
961542873
428793165
753861492

124637859
863519274
759842361
591268743
642973185
378451926
285196437
936784512
417325698

