548279163
932416578
716583294
387162945
261954837
495738621
853697412
129345786
674821359

986513472
537294861
241768953
415629387
362487195
879135246
653842719
728951634
194376528

613254798
824793165
795681234
457318629
981562473
236479581
178946352
369125847
542837916

257169483
148352679
936784251
472918365
813675942
569423718
694531827
385247196
721896534

483265971
792184653
156739842
215476389
837921465
964358217
541693728
629817534
378542196

257461983
896753421
134982657
983145762
621897534
745236819
469318275
512674398
378529146

917356482
856429137
243817695
431785926
689234751
572691348
165948273
724563819
398172564

897142653
452763891
361958742
976431285
135289467
284675139
728596314
513824976
649317528

247819356
398265417
156437892
962578134
513624978
874193265
635942781
489751623
721386549

497156382
836294175
251783694
368512749
549637821
712948563
124865937
983471256
675329418

953841726
781256934
426739185
537168249
692574813
148392657
274615398
319487562
865923471

346971528
719852364
528463971
967145283
182396457
435287196
293618745
871524639
654739812

792453618
658172934
431869752
843916527
165327489
279584361
586741293
924638175
317295846

861349257
253786941
947521683
486157329
712938465
395264718
124873596
579612834
638495172

431957862
859621347
762834591
683275419
295146783
174398625
946513278
528769134
317482956

439612587
218357946
567894312
891573264
653248179
742169835
926431758
374985621
185726493

496238517
381675942
725149863
263584791
817923654
549716328
938451276
674392185
152867439

937268451
562413798
841759236
784931562
629845317
315627849
476592183
158376924
293184675

987312546
543678291
621495837
279163458
854927163
136854972
462789315
795231684
318546729

485732916
297641358
136895742
613278594
872459631
549163827
964527183
321986475
758314269

893657241
146392875
752841369
319576482
278439516
465128793
987263154
634715928
521984637

183652794
724931658
965478312
471389526
259716483
836524971
698247135
542193867
317865249

521794683
798356214
364821957
945618372
613572498
287943561
179435826
832169745
456287139

487139265
163245978
295687143
541962387
739518426
628473519
956724831
814356792
372891654

659271834
723984156
418563729
385749261
274615983
196832547
567498312
932156478
841327695

167298345
382547961
594631782
813475629
249316857
675829413
951784236
436952178
728163594

187954632
536821974
942376581
471598263
893612457
265743198
354167829
628439715
719285346

918627453
436958172
257341869
382715694
175469328
694832517
749586231
861273945
523194786

185962374
273451986
469738152
948375261
536124798
721689543
652893417
894217635
317546829

584916273
321748569
967253841
859637124
472581396
136429785
293865417
745192638
618374952

897451623
516273984
234698571
921546738
673189452
458732169
385917246
142865397
769324815

815279346
624813597
973654821
489326715
231795468
756481932
547132689
168947253
392568174

378261459
416975382
925843167
137596824
584712693
692384571
749638215
851427936
263159748

823496751
965712834
174385296
286173549
751924683
349568172
498651327
517239468
632847915

752486391
348719526
169532478
623851947
984273165
571964832
235698714
896147253
417325689

283976154
759143826
641258937
596481372
137625498
428397615
874539261
362714589
915862743

921674385
654831279
387529461
279386154
815947632
436215897
762458913
148793526
593162748

891276435
563148927
274359168
352691874
987425316
146837259
718963542
629514783
435782691

427618593
869352417
135497682
981724356
253861749
746539128
574283961
312946875
698175234

724513698
581694732
693827541
167345829
452189376
938762415
275938164
319456287
846271953

214687359
635149782
798532146
371954628
586213974
429876531
163728495
857491263
942365817

415923867
376814295
298675134
581739642
624158973
937246518
143592786
762381459
859467321

315629847
762348195
849571236
231785469
576914328
984263571
427156983
653892714
198437652

573962841
896341752
124785639
948627513
235198467
617453928
752834196
461279385
389516274

342815679
918276354
675349182
829537416
167428593
453961728
286753941
734192865
591684237

761294358
954638271
832715649
278359164
645187932
193426785
419563827
387942516
526871493

129865743
854379612
637124589
215986437
468237951
973541268
542718396
391652874
786493125

285169734
146327895
739458126
897613452
354892671
612574389
423986517
578241963
961735248

415637298
328591764
679842513
942713685
861425937
753986142
584179326
136258479
297364851

813975264
254613798
697284153
146857329
328149576
975362481
561738942
482591637
739426815

169328574
452679318
837514296
791852463
345967182
286431957
624795831
578143629
913286745

879642351
342175698
516389247
698723415
127594863
435861972
281456739
963217584
754938126

482695137
736481925
591732486
315827694
269143758
847956213
623514879
178369542
954278361

658192743
723564981
491387265
849236517
315749628
267815439
986471352
534928176
172653894

473569821
698172345
521843697
185926734
967354182
234781569
859237416
316495278
742618953

237548916
184962735
659713824
978624351
412375698
563189247
891256473
726431589
345897162

925876413
614923587
873514692
482391765
537648129
169257348
758169234
341782956
296435871

398216754
512794638
647385129
175869243
826143597
439527816
264958371
781432965
953671482

638541279
294763158
175829436
321684795
756192843
489357612
947238561
512976384
863415927

147293856
268745391
395186427
981352764
632974518
754861239
826439175
573618942
419527683

825946137
936187425
714325869
342791658
589632741
671854392
498273516
263518974
157469283

497865213
356172894
812394756
169738425
785241639
243956187
531427968
924683571
678519342

145896237
768324159
392715846
523461978
486973512
917258463
671582394
839147625
254639781

158274396
326985471
974136582
619423857
542798613
837561924
785342169
491657238
263819745

483621597
172589364
956734821
267418953
834957216
519263478
628145739
741392685
395876142

239871456
475639281
186254973
318492765
794365812
562718349
841926537
627543198
953187624

321764859
948135762
765892431
294358176
856217394
137946528
579421683
613589247
482673915

451937682
739682415
862541379
325476891
694815723
178329546
987253164
516794238
243168957

352681479
746952318
891437652
684173925
237895146
915246837
168524793
423769581
579318264

859673142
347125689
612489753
194257368
278346915
536891427
785964231
421738596
963512874

517364982
264798153
398512647
956231874
741856329
832947516
173489265
629175438
485623791

256714398
183295674
749386125
417958236
862137459
395462781
634529817
571843962
928671543

425798613
169253487
873416925
234971856
796825134
518364792
381547269
957682341
642139578

243895167
968172354
175634982
451763298
827951643
396248571
684319725
712586439
539427816

514693872
762841395
893275614
385712946
976438521
241956783
659184237
128367459
437529168

284756319
915234687
367189452
738592146
592641873
641873925
179328564
426915738
853467291

789614523
214735689
536928174
162849735
895173246
347562918
473256891
628391457
951487362

864279513
971853462
352164798
783941625
215687934
649325187
197438256
428516379
536792841

371296458
985741362
624358917
238619574
456837291
197524683
812963745
763485129
549172836

496183725
235679148
781254369
527938614
348561297
169427583
852746931
973812456
614395872

236174895
519863724
478592361
942681573
765349218
183257946
651928437
824736159
397415682

745816392
182973456
693452817
834569271
561724938
927138564
279685143
356241789
418397625

465813927
387926451
291745386
142537869
736289514
859164732
624378195
978651243
513492678

179834265
584962317
263175948
345691782
697528431
821743659
956387124
438219576
712456893

178935462
456217839
239846157
591728643
367594218
842361975
984673521
715482396
623159784

785643921
416972385
392581764
543827619
879156432
621439578
134798256
258364197
967215843

549683172
326751849
718492635
853247916
972165384
461839527
287516493
634928751
195374268

836127549
945683127
217594638
729835416
158746293
364912785
693251874
471368952
582479361

496875213
538162974
271349658
849216735
152734896
367598421
913687542
624953187
785421369

648293157
135784269
729156483
963521748
254378691
871469532
387642915
412935876
596817324

528936147
714582396
369417582
493125678
871369254
652874913
246751839
137698425
985243761

398247615
421653987
756981243
135864792
942735168
687129534
513476829
279318456
864592371

862391754
943857216
571642398
219785463
634219875
758463921
497136582
185924637
326578149

923158674
817436925
645927138
756389241
284571396
391642587
439865712
162794853
578213469

879426513
645713298
213598746
581374962
732961854
964285137
498137625
326859471
157642389

794365812
682417359
351892674
875231496
413659728
269784135
546973281
127548963
938126547

681792534
524683917
793154628
157936842
948271356
236845179
469317285
815429763
372568491

849721536
516483927
327695418
274819365
163547289
985236174
458162793
792358641
631974852

615348297
872169543
349257816
528931764
761482359
493576128
956723481
134895672
287614935

498276531
357914826
621358497
169783254
832145769
745629318
514892673
983567142
276431985

867392451
329145678
541786293
693874512
172953864
485621937
216439785
734568129
958217346

761492853
245386971
893751246
518643792
926817534
374529168
682974315
457138629
139265487

834175629
925846173
617923845
176294538
583761294
492538761
768419352
241357986
359682417

584931627
273846591
619527834
361275948
897314256
425689173
938462715
156793482
742158369

956841273
147532968
823769451
584693712
719254836
632187549
478916325
365428197
291375684

915274836
843165792
762893145
178352964
354916287
629748351
296587413
431629578
587431629

923675841
517489236
486321795
348752619
672194583
159863427
261947358
835216974
794538162

397462581
816375492
425819763
164287359
973154826
258693147
781526934
542931678
639748215

689472315
153968472
724351689
412785936
967243158
835196724
248637591
576819243
391524867

236519847
149278365
785364192
317425689
924186573
568937214
471852936
653791428
892643751

792853461
816742593
435691278
654317829
378926145
921485637
189274356
543169782
267538914

145837296
938652471
267194853
796485312
581263947
324719685
813546729
652978134
479321568

235419786
618275394
497836215
542981637
381657942
769324158
953768421
126543879
874192563

628739541
395142768
714586392
157264983
986371254
432958176
261897435
549623817
873415629

897463521
215987634
643521897
381749256
972658143
564132789
736295418
159874362
428316975

718693452
369452781
452781936
135879624
247516398
896234175
921368547
674925813
583147269

579143286
124856973
386792514
612538749
748961325
935427168
467315892
251689437
893274651

624357198
537981624
198264735
241635987
385729461
976418253
463572819
712893546
859146372

396528147
714639852
528471693
267893415
185746329
439152768
642385971
973214586
851967234

463819257
287563194
591742683
172984536
639251478
854376912
928635741
715428369
346197825

361459782
725368941
984712536
842697153
173285469
659134278
418976325
296543817
537821694

643792851
827541963
951386724
716935482
495128376
382674195
574863219
269417538
138259647

846723159
795168234
231945786
917534628
624871395
358692417
572419863
169387542
483256971

524367981
179248536
683195247
456973812
297481653
831526794
912754368
365812479
748639125

621759384
934268517
875341296
187534629
352697148
469812735
713485962
546923871
298176453

498732561
157689324
263415987
524378619
376591248
981264735
742856193
615943872
839127456

189265374
324791658
567834192
915642783
836179245
742583961
298357416
451926837
673418529

371862459
968345172
425197683
894713526
216589347
753426891
147238965
632954718
589671234

612847935
935126784
478935216
159784362
367259841
284613597
741598623
593462178
826371459

354271986
192486753
867359214
581624379
623917845
479835621
718563492
935742168
246198537

165384927
894725613
723196458
657941832
241538796
389672145
918263574
472859361
536417289

168724953
543981762
972563148
654278319
829316574
731495286
216859437
387142695
495637821

718346259
932581674
654297831
496752183
521938467
387164925
865479312
243815796
179623548

489615327
132874596
765293184
248567931
513429768
976381245
657938412
321746859
894152673

498312756
376598421
152674389
513829647
624731598
789456213
267985134
935147862
841263975

482675193
137289564
596134287
743958621
869721435
215346879
658493712
374812956
921567348

346718295
825639741
971542368
539287614
187496532
462153879
753921486
694875123
218364957

897651234
365284719
142973568
651498372
973125846
428367951
789516423
214739685
536842197

517264398
896573412
234891765
153627984
768149523
429385671
381956247
942738156
675412839

239578461
645123789
871694532
953746218
482931675
167852394
398465127
724319856
516287943

582796431
741538296
369412785
276159843
895324167
413867952
654281379
138975624
927643518

342965178
796831425
158472693
285619734
463587912
971324586
534198267
629743851
817256349

628534179
379168245
514972368
251687493
487359612
963241857
836495721
792816534
145723986

397182564
258964713
416735928
745693281
682571439
931248657
123459876
874326195
569817342

718629354
935478216
642513879
159732468
326854791
874961532
263145987
481397625
597286143

385719462
241586397
796324158
824963715
579241836
163875249
652137984
918452673
437698521

319427658
256891743
784563912
931786425
675214839
842359167
197632584
428175396
563948271

687913452
914725386
235684719
428371695
159468237
376592841
863259174
542137968
791846523

918574632
253186974
764239518
582697143
491823756
637451289
879365421
125948367
346712895

584361729
962547813
713892456
451673982
378219645
296485371
137928564
845136297
629754138

513246987
926785341
847319526
759862413
162934875
438571269
384157692
275698134
691423758

236198457
854376219
917254863
378569142
621843795
549721638
792415386
485637921
163982574

152947683
783162549
649538721
378294165
524613978
961875234
415326897
836759412
297481356

526971483
983254176
471683529
635712894
892546317
147839652
768425931
214398765
359167248

263918574
498756123
571342689
825469731
639127845
714583296
987631452
356274918
142895367

295617483
471358269
368942751
849176532
127534698
653829147
982765314
514293876
736481925

346251897
752984163
918637245
439865712
587412639
621379458
865123974
274596381
193748526

653917248
894325617
172486395
415273986
369548721
728691453
986134572
547862139
231759864

891463527
437528619
625719834
358291746
146375982
972684351
764852193
513947268
289136475

342516789
857932614
916478253
581269347
724853196
693147528
438725961
165394872
279681435

468329571
531786924
297514368
615248739
729135486
843967152
182473695
354692817
976851243

849673125
716245938
325189647
538412796
192567483
674938512
267894351
983751264
451326879

953627184
781493562
624185379
837514296
469832715
512976438
376248951
148759623
295361847

862435917
741986235
395172486
183659724
627348159
954217368
218764593
579823641
436591872

834716259
159243876
267895341
781654932
396127584
425389167
542978613
973561428
618432795

754632981
198574263
632981754
879245316
546317829
213896475
487153692
925468137
361729548

736951824
958426173
124783596
845367912
619245738
273819465
461572389
592138647
387694251

457829361
213476985
689315724
862957143
175643892
394182657
536794218
948231576
721568439

592163874
361874529
748529163
236781945
857942631
914635287
629457318
485316792
173298456

182759634
975346128
634821759
721584396
468973512
359612487
816495273
247138965
593267841

652837149
431569278
897214635
926458317
345971862
718326954
563792481
274183596
189645723

375649281
284351769
691728543
418562397
536497812
729813456
143975628
852136974
967284135

648351297
315729846
279846531
761983452
593264718
824175963
932417685
486532179
157698324

386917245
924365178
571284639
169873524
852641397
437529861
215796483
693458712
748132956

513762498
968453127
427819563
832647951
759321684
146598732
294135876
675284319
381976245

791536428
642871953
538294176
873415269
956327841
124968537
365182794
289743615
417659382

452781693
693245871
871963245
164532789
387496512
529817436
738629154
215374968
946158327

671254389
598763142
234891675
827936451
413527968
965148237
749615823
382479516
156382794

345876291
981452367
267319854
128695743
536147982
794283516
659731428
472968135
813524679

521687439
438259716
679143285
753926148
842571963
916438527
165394872
397812654
284765391

246739581
937158642
851642739
362581497
415297368
798463215
589324176
123876954
674915823

935214678
671398254
824657391
417836925
359142786
268579413
592461837
743985162
186723549

596748312
218693547
437215896
389472165
175836924
642951738
961527483
854369271
723184659

896274153
317895642
254316978
435769281
189542367
672183495
921457836
763928514
548631729

423598176
165274893
879163425
914652738
237841569
586937214
351429687
742386951
698715342

862479513
137685294
459312687
576894132
281753469
943126758
625937841
798541326
314268975

936817254
218465973
475392861
352741689
769583412
184629735
527936148
641258397
893174526

735486291
216759834
984213765
548137926
329648157
671592348
163825479
852974613
497361582

857142693
649853217
312967485
178436529
964528371
235719864
526391748
481275936
793684152

872564391
356917482
194283765
283159647
619478523
547326819
465792138
931845276
728631954

517642983
823795461
469318275
731986542
958423716
642571398
275869134
184237659
396154827

832916475
516724938
749853621
354267819
128549367
697138254
985672143
461385792
273491586

369451872
825679413
174382965
218596734
957134286
643728159
431967528
592813647
786245391

613974852
759218643
482356197
865497231
127563489
394821765
978145326
531682974
246739518

243869751
795132486
168475293
812547639
359621847
674983512
436218975
521794368
987356124

195623487
374185926
628479135
851367294
742958613
963241578
417532869
236894751
589716342

641927538
572386491
398145276
129763845
863451729
457892613
215634987
934578162
786219354

563817492
421965738
987234615
649158327
752349861
138672549
376591284
215483976
894726153

619735482
543128769
287649351
795261843
328954617
461387925
132496578
876513294
954872136

149238657
278956134
563417289
456329871
397841526
821765943
714592368
635184792
982673415

587312694
291846375
364579128
816297543
925431867
743685912
172953486
439768251
658124739

374216958
168795423
529438716
856943172
937152864
241687539
682574391
793821645
415369287

962187345
184325976
357946182
426759831
738612594
591834627
619473258
845291763
273568419

327869541
149537628
865412793
734128956
598376412
612945837
253784169
986251374
471693285

872563914
146972835
539814672
314795268
698241357
725638491
961487523
287356149
453129786

942856371
813927465
675431928
486795213
521348796
397612854
758263149
264189537
139574682

957813624
146527389
382694157
671435892
234986715
895271463
518342976
429768531
763159248

236471859
891526374
574839621
723948165
168357492
945162738
487293516
659714283
312685947

485967213
973512468
216348795
147283956
398456172
652179384
861734529
724895631
539621847

376219458
581374962
942856317
234691785
658732149
197548623
415983276
869427531
723165894

365748129
791632584
284951673
642819735
857263941
913574862
538126497
479385216
126497358

846217539
231495687
579368124
395746812
164829375
728531946
452683791
613972458
987154263

268749351
147325869
539681274
894172635
675493182
321568497
786254913
912837546
453916728

196743852
832965471
475281963
659137248
324896715
781524639
518679324
947352186
263418597

945372618
126589437
873416592
697248153
231965874
584731926
312694785
459827361
768153249

457319682
318246795
269875341
571928463
934657218
826431579
195762834
683594127
742183956

257194863
361785249
498236571
514967328
739852416
682341957
825613794
946578132
173429685

763982541
849157263
215643897
628479315
394215678
157368924
971836452
486521739
532794186

741529683
536847921
892163754
963281475
178495362
425376819
389752146
657914238
214638597

916428735
473165892
852379641
531946278
749281563
628753419
385697124
164532987
297814356

267531948
538794162
941286537
679842351
184359276
325617489
816425793
752963814
493178625

538947261
924316578
176852439
253681947
789534612
641279853
415728396
362195784
897463125

521467938
748391526
369582471
186923754
432756819
957814263
214679385
695238147
873145692

432697815
859214736
761583942
916738524
524169387
378452691
295846173
687321459
143975268

329617458
768945123
145283967
273496815
581372649
694158372
457869231
936521784
812734596

916382547
752496813
483715692
249637158
167958324
538241769
891523476
374169285
625874931

879241365
615873294
342569871
791324586
426958137
538716942
253497618
187635429
964182753

948216375
135987624
726345198
493621857
817593246
562478913
371852469
654139782
289764531

614795238
239681475
857243691
461329857
392578164
578164923
186957342
723416589
945832716

658129437
721543986
943867251
569281743
284735169
317496528
432918675
176352894
895674312

351267498
829543167
647918523
416385279
285679314
793421685
962754831
538196742
174832956

127649853
468513729
539872164
254938617
916754238
873126495
685297341
741365982
392481576

846395712
753612894
129874365
398746251
271539486
465128973
984261537
632957148
517483629

614987532
983254617
527613489
439126875
876435921
251879364
342798156
765341298
198562743

327691854
849357261
561284739
184532976
275946318
693718425
912875643
758463192
436129587

465871392
928354716
137296485
213648957
549137268
876925134
792563841
684719523
351482679

869274513
413659287
572318964
735192648
196845372
284763195
357986421
928431756
641527839

613948572
785263149
294157386
176834295
348529761
952671438
539482617
827316954
461795823

367849125
928531674
154726983
785692431
641375298
293418567
439257816
872164359
516983742

392657814
167498253
854312697
678123945
415976328
239845761
741289536
983561472
526734189

971346258
468572193
325189476
197635842
842917635
536428719
753861924
289754361
614293587

562491738
743825169
918673452
251347896
634189275
897562314
186754923
479236581
325918647

591387426
382641759
764952318
826573941
439128567
175469283
258796134
943815672
617234895

492618537
578923146
613754289
281437965
369581472
745296813
854379621
127865394
936142758

194357826
735862491
862149357
951483762
387216945
246795183
579638214
613924578
428571639

732956418
584132967
619784235
978621354
146375892
325498671
451269783
263817549
897543126

218754963
976321845
345896712
687245139
492173658
531689427
723468591
154937286
869512374

185943627
962758341
473621895
721864953
694532178
358197264
536419782
819275436
247386519

854213769
372659814
169748532
681432957
725981643
493576281
917864325
536127498
248395176

837194256
152678349
649325178
984267513
263581794
715439682
576943821
398712465
421856937

492163587
673528419
185497362
321986745
958374621
764251938
216749853
839615274
547832196

762845139
918637524
453291867
274316985
695728413
381459672
136574298
847962351
529183746

483129756
791654832
265783194
129346578
836517429
547298613
914872365
358961247
672435981

298463157
567219843
341587926
852794361
716328495
934156278
179845632
623971584
485632719

456721839
397864152
128359674
584692317
962173548
713485926
245938761
639217485
871546293

854231697
612957843
379684521
165349782
498572136
237816954
526193478
783465219
941728365

129843576
476591832
853267149
935716284
742938651
681452397
297685413
368174925
514329768

394217865
162458739
875369124
239746518
758931246
416582397
621895473
983174652
547623981

842715936
169238475
573964128
457691283
698523741
231487659
326879514
984152367
715346892

345897162
298614573
716532894
452761389
961283745
873945216
627458931
184329657
539176428

326789145
915243876
874165932
158697324
263814759
749532618
437926581
591478263
682351497

659831427
312749658
748562931
237918564
465327819
891654372
173485296
986273145
524196783

253846917
491732658
876519243
329475186
548961372
167283594
934127865
712658439
685394721

153428769
629517348
784396521
846759132
591632874
372841695
418963257
265174983
937285416

783425196
541697328
926831475
614258937
859173264
372946581
238714659
497562813
165389742

732169485
951482367
846573912
215398674
368247591
497651823
673824159
524916738
189735246

389425617
467193528
152867493
238679154
715234869
694518372
523741986
846952731
971386245

258146739
619237485
437895612
341679528
586423971
792581346
975318264
864752193
123964857

748926315
923185647
156374289
834761592
561293874
297548163
389412756
672859431
415637928

726489135
854321796
139576482
685742913
397815624
412963857
561294378
248137569
973658241

523846791
647915832
198273456
951627348
834159627
276438915
715384269
489562173
362791584

712834659
498765231
356192487
539641728
874329516
261587943
987453162
143276895
625918374

263591784
895247136
417638592
746859321
582163947
931724865
374912658
628375419
159486273

479865231
618234795
352719468
896571342
237486159
145923876
984157623
561342987
723698514

368945271
159372648
742618593
475169382
983257416
621834957
894726135
217593864
536481729

324657918
957812634
618943752
572491863
183276495
469385271
791524386
846139527
235768149

924718635
716453892
385629714
862195473
137264589
459837126
678342951
543981267
291576348

643579821
712843695
589216743
378625419
421937586
965481237
134752968
856394172
297168354

417238695
536479218
289615437
364781952
951342786
728596143
195827364
842963571
673154829

835472961
412659738
697381542
249863157
571924683
368715429
126537894
983146275
754298316

517892634
862143957
493567218
239485176
741639825
685271493
954326781
176958342
328714569

437159268
865372491
291846357
352764189
978513642
614928735
146285973
783491526
529637814

564879213
372514968
891263754
986427531
427135896
153698427
238751649
715946382
649382175

435179682
768325491
129648573
614732859
572896134
893514726
246987315
981453267
357261948

329564871
567128439
184379526
931845762
842736915
675912348
418697253
253481697
796253184

418269753
372451869
695378421
851927634
234586197
769143285
526794318
943812576
187635942

954268731
718395426
623741895
841572369
297436518
365189247
479813652
586924173
132657984

458719263
963425178
712836954
586392741
347168529
291574386
174283695
625941837
839657412

342581697
785694312
916327845
634719258
251836479
897245136
163978524
478152963
529463781

647951328
159283674
238674519
312549867
894716235
576328491
985162743
721435986
463897152

591874623
248653179
736291458
365917284
819432765
472586391
923748516
157369842
684125937

158269473
326741985
497583261
714958326
963412758
285637149
849376512
531824697
672195834

129846357
567319428
384275961
432591786
796428513
815637294
953184672
641752839
278963145

925648371
418273695
376915428
562437819
137892564
894156237
243789156
751364982
689521743

658732194
149856372
723914856
914327568
562189437
387465219
491273685
875641923
236598741

196542378
487369152
532187649
658924713
723851964
914673285
879215436
345796821
261438597

426917358
598263147
173845269
931574826
852639714
764128935
215796483
647381592
389452671

635824719
249713658
781659342
976138425
853472196
412596873
328947561
564281937
197365284

567328194
982541637
143976825
239864571
456713982
871295346
725189463
394657218
618432759

284936517
576142839
193587426
632479185
748251693
915368274
467823951
859714362
321695748

547318629
396427158
182695437
768932541
259841763
431756982
673589214
815274396
924163875

853614792
726859143
194372586
541736829
687291354
239485617
365948271
412567938
978123465

726895431
389417562
541263897
492156378
837924615
615378924
164532789
253789146
978641253

592481736
618793254
437526891
843269517
759814362
261375948
324158679
985647123
176932485

268357149
173489562
459612738
692571384
841293657
735864291
314925876
587146923
926738415

723891546
561423897
984657231
149538672
235716984
876249153
392184765
457962318
618375429

286315749
147892356
395647812
953281467
712564938
864973125
428159673
631728594
579436281

135824796
874596312
629173854
518247639
362958471
497631528
256789143
983415267
741362985

326451897
789326514
514978623
468739251
271865439
953142768
647513982
832697145
195284376

921786345
784359261
653214897
372598614
465123978
198647532
836472159
549861723
217935486

987453261
342617985
156289374
534178692
821396547
769524813
298731456
615842739
473965128

476328195
291564378
583917624
748135962
635492817
129876453
352681749
864759231
917243586

781526943
693147258
245983167
819254736
374698521
562371489
128735694
937462815
456819372

312749685
457681392
698523714
826974153
543218967
179365248
231456879
984137526
765892431

263591487
481367259
975824631
624918573
317245968
598673124
846132795
739456812
152789346

617349852
384625791
529781364
293178645
856294137
741563289
975832416
432916578
168457923

291537864
876941532
453862197
625794381
984153726
137628945
549376218
768219453
312485679

897321456
135469728
624758139
968573241
372914685
451286973
516847392
249635817
783192564

194728365
387965412
265341897
849137526
752896134
631254978
976583241
428619753
513472689

612984735
934751682
578632149
396145278
427863951
185279463
761328594
849517326
253496817

952381674
481567923
673924158
714635892
839172465
526498317
245816739
198753246
367249581

387451269
149268573
265937814
571846392
492513687
638792145
953184726
716329458
824675931

295783146
864195273
137264985
318957624
752641839
946832517
471529368
583416792
629378451

846572931
795613824
321984576
453269187
619857342
287431659
978326415
562148793
134795268

814392576
256187439
973465218
597846321
138729645
642513897
425671983
769238154
381954762

152978436
783461295
469325817
546213978
378694521
921587643
617842359
834159762
295736184

546819273
179235648
823647159
937156482
258394716
461728395
695472831
712583964
384961527

457891263
268534917
193672584
536287149
941356728
782149635
324715896
815963472
679428351

875143269
619278435
243695871
487951623
136724598
592836147
724589316
351467982
968312754

942561783
635798412
781324596
318649275
594237861
276185934
129853647
463972158
857416329

326918457
841537269
975426183
614392578
237185946
589764312
753649821
492871635
168253794

864935712
217864953
395217468
158796324
723548196
649123587
472659831
931482675
586371249

897645213
253981746
614732589
982563471
735124968
146897325
579216834
468379152
321458697

785263914
631498572
294517638
917624385
562839147
843175296
476951823
158342769
329786451

152637948
763984512
498215736
926348175
574192683
381576294
219853467
845769321
637421859

276941835
583672941
914835267
345189672
861327594
792456318
428793156
637518429
159264783

521937648
683142597
794865231
318294765
467358129
952716483
845673912
279481356
136529874

745936281
813572964
962814573
271493658
496185327
358627149
129768435
537249816
684351792

678341529
125987364
943652178
714839652
836425791
259716483
382574916
591263847
467198235

658297134
324815679
791346582
985621347
436758921
217934865
169473258
573182496
842569713

827654319
941382657
356971482
293516874
614827593
578493126
169235748
485769231
732148965

367824159
819756432
425139687
258391764
143672598
796548213
632917845
984265371
571483926

869415237
137629584
425387691
914573826
582196473
376248915
293764158
741852369
658931742

531629748
896147253
472835169
253976814
149583672
768214935
315798426
924361587
687452391

813462957
529187364
674395281
241976835
736851492
985243176
468719523
397524618
152638749

582749613
431862957
796351428
864127395
213695874
957483261
645918732
179234586
328576149

867513249
542796813
193428765
935874126
714269538
286351974
429687351
371945682
658132497

158743629
649821735
273956481
826415397
714398562
395267814
567182943
932674158
481539276

517482396
943176285
268953174
796531428
485729631
321648759
139867542
674295813
852314967

321679485
586421739
974358162
453267918
167895324
892143657
219786543
645932871
738514296

385169427
716824395
294357618
139546782
472938156
658271934
841792563
963485271
527613849

729415386
531896724
648327951
157932468
892164537
463758219
915673842
386249175
274581693

145237986
286594371
937816542
624981753
319675428
758342169
462153897
593768214
871429635

592187634
437692518
681543792
913826475
864975123
275314986
348769251
129458367
756231849

967543812
452187963
813962475
645238791
129754638
378619524
286375149
734891256
591426387

491752368
652843179
837619452
948137625
326594817
715268943
269371584
183425796
574986231

425783619
731965482
689142753
852397146
163428975
974651328
597816234
348279561
216534897

862935714
971842653
354716892
285469371
743128965
619357428
198573246
436291587
527684139

639452817
712398645
485617923
253764198
941285376
876931452
598123764
364579281
127846539

452738169
617592843
839164725
245386917
971425638
368971254
794213586
183657492
526849371

319756842
684923751
275184369
948235617
123647985
756891234
437562198
591378426
862419573

694183572
835427961
271965843
489671325
723598614
156342789
368219457
942756138
517834296

143296875
682547193
795138264
928763541
367415928
451829736
219654387
576382419
834971652

147593286
592786134
683124975
425917863
368452791
719638452
854371629
976245318
231869547

581934672
237168954
649257318
853749126
916823547
724516839
375682491
198475263
462391785

134862597
265179843
978543612
851437269
326958471
749216358
613724985
497385126
582691734

183645297
754921836
296837541
429316785
675489123
318752964
562194378
841273659
937568412

482365179
397812546
516749283
731526894
624983715
859174362
163457928
948231657
275698431

654972831
837165942
291384567
569431278
748526319
312798456
123649785
486257193
975813624

461835297
782196543
953724681
128457936
576319824
349268175
635972418
214583769
897641352

827539146
195462387
364781295
248953671
931674852
756128934
683245719
479316528
512897463

426917583
395468217
718253964
937685421
564321798
182794356
653172849
841539672
279846135

789516342
564239718
132487596
641975823
327168459
958324671
413852967
896741235
275693184

538792146
621458397
497631285
952863471
174529638
386174529
863217954
245986713
719345862

239146578
571893462
648572931
317259846
954368127
826714395
193625784
782431659
465987213

259317648
471968235
386425179
864791352
517236984
923584761
798642513
642153897
135879426

726158493
839746152
514239867
648372915
971865324
253914786
165483279
382597641
497621538

183945762
247368195
569217348
914752836
758634219
326189574
431526987
675893421
892471653

149865273
236947518
857312964
924186735
683754192
715239846
498621357
361578429
572493681

976143825
351782649
824956731
467518392
513629487
298374516
649235178
185497263
732861954

642893175
371245689
958617423
514926738
763581294
829374561
195768342
487132956
236459817

965473281
712986534
483215769
891624375
637159428
254837196
526791843
179348652
348562917

295148637
476235819
183967245
527491368
941386752
368572491
754813926
619724583
832659174

912845763
546397128
783126945
329478651
164952837
857613492
475261389
631589274
298734516

934685217
781429536
256173894
623748159
149356782
875291463
592867341
367514928
418932675

365748912
147592683
892136547
584973126
271684359
639251478
716325894
958467231
423819765

896724513
721953846
435816927
173469285
259178634
684235791
518642379
967381452
342597168

941365827
752981364
683472591
139856742
568724913
427193685
815239476
296547138
374618259

174895362
236714895
895623471
527139648
948276513
361458729
483962157
759341286
612587934

912576438
654381729
738492156
241853967
876129543
593647812
169734285
487265391
325918674

457192836
813654297
269378514
378249165
125786349
946531782
794823651
531467928
682915473

256179843
483652917
791384265
315798426
978246351
624513789
832965174
547831692
169427538

695813247
214957368
378624951
836291475
957346812
142578693
583169724
761432589
429785136

451278936
736149258
289635741
375961824
624583179
198427563
567894312
912356487
843712695

714865392
695432781
382197465
429576138
156389247
873241659
267954813
548713926
931628574

891643257
324597681
657128493
168359742
532874169
479261538
985716324
746932815
213485976

479513628
183264795
256789431
514627389
937841562
628395147
865132974
391478256
742956813

594362871
326718549
187954236
639541782
751829364
842637915
963475128
275186493
418293657

243768951
859143276
176925834
612387549
738594162
495612783
967451328
384279615
521836497

849251736
632789154
715634298
528316479
471895362
963427815
186943527
394572681
257168943

