184367295
529184637
763952841
271549368
638271954
945836172
857613429
312495786
496728513

539712684
218346597
674985123
821634759
963578241
457129836
142897365
396251478
785463912

348517296
719268453
265439178
926841735
573926841
184375629
631792584
897154362
452683917

532197468
416852739
987643521
375968214
891425673
624371895
269534187
748219356
153786942

264398157
831547962
759261384
478615239
625739841
193482675
517826493
946153728
382974516

347985612
869123475
125674398
476539821
581246739
293817564
654391287
938752146
712468953

315879462
762543819
489621735
673182594
954367128
821495673
296754381
537918246
148236957

659372418
341968257
728154396
264719835
183526974
597843621
416237589
972685143
835491762

743869512
268175394
591432768
817643925
652791843
934258671
176384259
329516487
485927136

376845912
192637584
458921376
624589731
931274865
785163429
863452197
249718653
517396248

184973652
239516487
567842193
612435978
845791236
973628541
721354869
498167325
356289714

267849531
385126794
194753268
713562489
546987123
829431675
651298347
438675912
972314856

261459738
983712645
745386291
578623419
392541867
614978352
136297584
429865173
857134926

291876435
437591826
568432791
619247358
823965147
754318962
145689273
972153684
386724519

154879362
978632451
263154879
892467135
347915286
516328947
485296713
721583694
639741528

624571398
395826714
871934526
967215483
412368957
538497261
289643175
746159832
153782649

249578163
518263794
673491852
154729638
392816475
786354921
465137289
827945316
931682547

472385916
935164782
168279345
816723594
329548671
754916823
597432168
283691457
641857239

195724836
324568719
687139542
568293174
273416985
419857623
751942368
932681457
846375291

612437985
379815462
548692137
857321649
961584273
234769851
423976518
185243796
796158324

934758261
258146397
671329845
319584726
847612539
526937418
782491653
495863172
163275984

632894517
179562843
584317926
325781694
816945372
497236158
943178265
268459731
751623489

415239876
286157493
397846152
149378265
638512947
752694381
563481729
871925634
924763518

548732619
137956428
962418753
614397285
825641397
379285146
481563972
793824561
256179834

258946317
163758942
974213586
641329875
592187463
387465129
829571634
715634298
436892751

472853169
198762354
563194287
915327648
627485913
384916725
849631572
236578491
751249836

461897235
295361874
378425169
852973416
137648952
946152387
623789541
719534628
584216793

861327954
253491687
479685231
694572813
125834769
387916542
918753426
736248195
542169378

534871926
798426315
612359748
843512697
271968534
965743281
359187462
486235179
127694853

827164395
135279864
694583712
568791243
213645987
749832651
482316579
371958426
956427138

296178453
748532196
153964872
825741639
617293548
934685217
461329785
579816324
382457961

852967314
763124958
491583726
176235849
548691237
329478165
934752681
217846593
685319472

368415972
427893615
519276384
836541729
194627853
275389461
681932547
753164298
942758136

925178634
183694257
674523198
851439762
236817945
497256381
368742519
542961873
719385426

468931527
291754836
357268491
614897253
839125764
572346918
983672145
125483679
746519382

453187692
671923854
928645371
195376428
732854169
864219735
589761243
316492587
247538916

256794318
983651247
471832596
645189732
327546981
198273465
732968154
819425673
564317829

241379856
583461972
769825341
892746513
417538269
635192487
978653124
356214798
124987635

735984126
129536487
648217539
873691245
456872913
291345678
582163794
364729851
917458362

624578193
798134265
513296748
942653871
386917452
157482936
839725614
261349587
475861329

752634891
693281475
418759236
546873912
321965748
987142563
174526389
239418657
865397124

873452961
915867423
426193785
692514378
754386192
138729654
349278516
261935847
587641239

491578236
386942157
527163948
179824365
265397814
834651729
642719583
953286471
718435692

256974183
943815726
817263549
625487391
438591672
179326854
582139467
364752918
791648235

587921436
634758192
192634587
371546928
429183765
856297341
265419873
743865219
918372654

821456793
674893125
593712864
158239476
367145289
249678351
732964518
416587932
985321647

817936524
594721368
362548179
658397241
473612985
129485736
931874652
746259813
285163497

281954367
437826195
965137248
819462753
673519824
524378619
142793586
396285471
758641932

812793654
756481392
349265871
925846137
483157269
167932548
231579486
574628913
698314725

963258714
784961253
152374698
836547129
495182376
271639845
319426587
548713962
627895431

517283496
836194572
429657318
783542961
241369857
965871243
652418739
178935624
394726185

561873492
342961587
798542613
123459876
879136245
654287139
216798354
437615928
985324761

486152973
593874126
127693548
931427685
268531794
754968312
349785261
612349857
875216439

973564182
152738469
684129537
769413258
215687943
348952671
526871394
891345726
437296815

872314569
346925817
519867234
237496158
965281473
481573692
658732941
794158326
123649785

291643875
675829143
483751692
849517326
537286419
162394758
926478531
354162987
718935264

328165794
547932861
916874235
254613978
873549126
169728543
485296317
691357482
732481659

541328697
398764521
276519348
857643912
934281756
612957834
129875463
483196275
765432189

271356894
693842517
845197263
927635481
364281975
158974632
436519728
719428356
582763149

563814729
478926513
912537468
739162854
246758931
851493672
625389147
397641285
184275396

479521863
516783429
238964175
951247638
864319752
327856941
783495216
695172384
142638597

937485621
461923758
528761349
849172563
756348912
213659874
672894135
195237486
384516297

957642138
813957426
426318579
341786952
795231864
682495713
538169247
269574381
174823695

269415387
548273691
137689254
452736819
783951462
916842573
671328945
824597136
395164728

189463257
536279184
427851936
641782593
395146728
278395461
862514379
913627845
754938612

751648932
639527148
248391576
325164789
986753421
417982365
593876214
874215693
162439857

245873961
167495283
938261745
691582374
784639152
352147896
816724539
573916428
429358617

935682174
861743592
247159386
793261845
618594237
452837961
324975618
576318429
189426753

786129453
315647928
429538167
832916745
971254836
564873291
157462389
648391572
293785614

647835219
123974685
589261437
236518974
958742163
471396528
892153746
714689352
365427891

645198372
123754869
897623154
359241687
486579213
271836495
764912538
512387946
938465721

163795284
298341765
457628913
571984326
384256197
629137548
736812459
842579631
915463872

542769381
879413265
136528749
315247698
687391452
924685173
293876514
468152937
751934826

935271684
426358791
781694523
158927436
379416258
642835179
294763815
567189342
813542967

269453178
538179426
741628395
672941853
984365217
315782964
423517689
897236541
156894732

145378926
687925341
329146857
913462578
852719463
764853192
531297684
298634715
476581239

673591248
542638971
819427356
761842593
384956127
295173864
428715639
936284715
157369482

125637849
643985712
789124653
236419587
478253196
951768324
362841975
894576231
517392468

894756312
527314896
136289475
273845169
685192743
419673528
368427951
942531687
751968234

762589314
145763289
938124765
486237951
319856472
527941836
854672193
271395648
693418527

453179628
617248935
289635174
895413762
174562893
326987451
931856247
742391586
568724319

624975831
589213647
713864259
397658412
168427593
452391786
971582364
836749125
245136978

139587246
285643179
674921385
927158463
846392751
513764892
762839514
451276938
398415627

479281563
135967482
286435917
723619845
591748236
648523791
857396124
964172358
312854679

634179825
172568934
985324167
826715349
351492678
749683251
468251793
597836412
213947586

728495136
916283574
453671982
697148253
134529768
285367419
379812645
561934827
842756391

691528437
574631928
382974615
729463581
168759342
453182796
946217853
237845169
815396274

762518934
159324876
843679125
924187563
317265498
685943217
491836752
276451389
538792641

354978261
812654973
967213485
549127836
236845719
178369524
785431692
421796358
693582147

456239871
873614529
219758634
625183947
981547362
347926185
168492753
794365218
532871496

537148296
942637581
618925743
375819624
291456378
864372915
153294867
489763152
726581439

781524369
546913728
923687154
172345986
439862571
658179243
895236417
214798635
367451892

195247683
847163952
632985714
321496578
978532461
456871239
764319825
283654197
519728346

137954682
564182937
298673514
946321875
315798246
872465391
651849723
429537168
783216459

219687354
763145289
584932167
176823495
345791826
892456731
427369518
958214673
631578942

419372586
372568491
568941372
751436928
283719654
946825137
194257863
837694215
625183749

746529138
518637942
923184675
451893267
397246851
862715493
689372514
175468329
234951786

132695748
957842136
486371295
249568317
873124569
615739824
528416973
361957482
794283651

512476893
897523461
436189527
354812976
971634258
628957134
265348719
143795682
789261345

765314928
349728561
182569437
591472386
234685179
678931245
853146792
416297853
927853614

291745638
875963421
634182759
367421895
958376214
142598367
483659172
719234586
526817943

569782413
283941567
417536982
138694725
645217839
792358146
971823654
826475391
354169278

469183572
357942861
128576934
875629143
243715698
916834257
634258719
792461385
581397426

794258316
362719854
815463792
487691235
639542187
521837469
173926548
256184973
948375621

126397845
984652137
735184629
842971563
659823471
317546298
291768354
568439712
473215986

265891374
749523618
318674529
132947865
486352791
957168432
624789153
593416287
871235946

564872139
921643587
837195462
658429371
219738654
743516298
376284915
192357846
485961723

437659281
125348769
698217345
872164953
541923876
369785412
253471698
786592134
914836527

284395176
316487295
975216834
592843617
761529483
843761529
127634958
438952761
659178342

628915347
493876125
157324869
569483271
274651938
831792456
985237614
316549782
742168593

629178435
573294861
481536279
142365987
956782314
738941526
264819753
395627148
817453692

284167953
135829647
796345128
647951832
513782496
928436571
862574319
351298764
479613285

296345187
753819642
841726593
174568239
325197864
689432715
417283956
568974321
932651478

189637425
325849716
476152398
854923167
912764583
637518942
741285639
293476851
568391274

563974821
287516349
194328567
756239418
412785936
938461275
625193784
341857692
879642153

531987642
782436915
496521738
823764159
917852463
645319827
168293574
379645281
254178396

397581462
451362789
268947153
576219834
129438576
834756921
682174395
943825617
715693248

759843621
318629457
246571938
521398746
973416285
684752319
137984562
865237194
492165873

958342671
231697854
674815932
712469583
349258167
586173249
125736498
493581726
867924315

726198453
385247169
941563287
573829614
894615372
162734598
639481725
417952836
258376941

371854962
968213547
245967138
896375421
517426389
432198756
723649815
154782693
689531274

376481925
498265731
215739648
982347516
753618492
164952873
839524167
641873259
527196384

436951827
125867493
897342615
958234176
613795248
742186539
374618952
281579364
569423781

679124583
521389467
483675921
348967215
962531748
157842396
796413852
834256179
215798634

459872316
618935742
372146589
297384165
534691278
861527934
126453897
783269451
945718623

281543769
975168432
346792851
697854123
513927684
824631975
162475398
738219546
459386217

926458173
538712694
174693258
792345861
341867925
685129347
253971486
869534712
417286539

714356982
925418637
368279541
657184293
489732156
132965478
241893765
896527314
573641829

691825473
245173698
837694521
784516239
953287146
126349857
319462785
562738914
478951362

345172968
617984523
982365174
436259781
528713649
791846235
859637412
174528396
263491857

862493157
719528364
435761928
924386571
657142839
183975642
346219785
571834296
298657413

354762891
619583247
872941365
143629578
285437619
796158432
467895123
938214756
521376984

419328567
572641893
386795412
857419326
964273158
123856749
295187634
648532971
731964285

257891346
143726589
698543271
762934158
581267493
934158627
419385762
875612934
326479815

765192348
324876951
189453276
931764582
456328719
872915634
248539167
597641823
613287495

542971638
861435972
739682415
916254783
483197526
275863194
157326849
394518267
628749351

938514672
147629835
526738149
382497561
794156283
615382497
873241956
451963728
269875314

349618752
651927384
278543619
523876941
417392568
896451273
735284196
182769435
964135827

391825647
528647193
764931852
456718239
819352476
273469581
637284915
945176328
182593764

784235961
631749825
259618347
147593286
965827413
328461759
596384172
873152694
412976538

945213867
162857439
378496521
427369158
593178246
681542973
754681392
839725614
216934785

974321856
613589742
852647391
549178263
321956487
768432519
495763128
236815974
187294635

473526981
156849372
298137654
519364728
682751439
734982165
845693217
967218543
321475896

378941256
651823479
429675381
516394827
283167945
794258163
845719632
167432598
932586714

613425897
725896314
489731652
357284169
246159738
891673425
564917283
978362541
132548976

457389612
193256748
862471953
684713295
715892436
329564871
246137589
571928364
938645127

693714285
257683914
184925367
318246579
475139628
962578143
846352791
739861452
521497836

936812475
752634819
418795362
291367548
574128693
683549721
165273984
829456137
347981256

613824579
875913624
942675831
724396158
386541297
159782346
438269715
261457983
597138462

758321649
324965781
619748523
591672834
836459217
247183965
475836192
183297456
962514378

347162895
582934671
961578324
739486512
816259437
254317968
498621753
623745189
175893246

186537249
459812367
273649851
748196523
395428716
612375984
561783492
827964135
934251678

345682791
186975324
792431856
628593417
419726583
573148269
234819675
967254138
851367942

829164375
645739182
173582496
357926841
914875263
286413759
738651924
591247638
462398517

958321647
263847195
714569382
342756819
571938426
689214573
826473951
195682734
437195268

187296534
953714682
642358791
418975326
526483917
739621458
394862175
275149863
861537249

746251938
513798264
289364571
321847659
894625713
675913842
952436187
467182395
138579426

317824596
825169374
649357812
534278961
192436758
786915423
963781245
271543689
458692137

849175263
371629854
625384971
712538649
536941728
984762135
457896312
193257486
268413597

214856739
785439126
693712584
527983461
931564278
468271395
172695843
856347912
349128657

452179368
968345712
317268945
873452691
695713824
124986537
749831256
531627489
286594173

856219347
724386591
139745286
478951623
291637854
365824719
913578462
687492135
542163978

596283174
837145269
142697358
324561897
678934521
915728643
761359482
453872916
289416735

235167498
476928351
891354762
652431879
914875623
783296514
368512947
147689235
529743186

613742598
794586213
258319467
526931784
387465921
941278356
139624875
462857139
875193642

596132478
827546193
431798526
142389765
678425931
359671284
783214659
915867342
264953817

365824917
412397658
798651324
186275493
254936781
937148562
823469175
671583249
549712836

891352746
632714958
754968132
549621387
183497265
267583419
318276594
926145873
475839621

523716948
197284563
846953217
389142675
612537489
475698132
931865724
264379851
758421396

674935821
581672349
392481567
437268195
926153784
815794236
269817453
158346972
743529618

315689742
476521398
298734156
547198263
682453971
139276584
724815639
961347825
853962417

938714526
521693847
746285139
279846315
614532798
853971264
482159673
195367482
367428951

531749628
798562143
246318975
813697254
625483719
974251836
162934587
357826491
489175362

524173986
687945132
139286457
851462379
492537861
376891524
913728645
765314298
248659713

294785631
617394825
385216947
423859716
156437289
879162453
562943178
731628594
948571362

351789246
249136785
786425193
817654329
563291874
924378651
472563918
695812437
138947562

534629817
987143562
621875934
178294653
496531278
352768149
769352481
215487396
843916725

159287436
648395127
327641859
415729683
872163594
936854271
783516942
564972318
291438765

124396785
958127364
367458192
513289647
782614539
649573218
891765423
235941876
476832951

251698347
847315692
369274518
473521869
125869473
698743251
936152784
584937126
712486935

278649135
354128697
619537482
465812973
192763548
837954261
926381754
781495326
543276819

317596284
594182637
862437519
659271348
471863925
238954176
945318762
783629451
126745893

248193567
659427381
371568924
815674239
723915846
964832715
497286153
532741698
186359472

369718254
245963871
781452396
476231589
512849763
893675142
624187935
957326418
138594627

695132487
387654291
142879536
518496372
274381659
963527148
831965724
756248913
429713865

712839654
364752891
985164732
653241978
249587163
871396425
537918246
498623517
126475389

751396482
683247951
924518367
596783124
218954673
437621895
149872536
375169248
862435719

738251496
462793851
519846372
143578629
956312784
287469135
895134267
621987543
374625918

256397184
974182365
318465972
891274653
567813429
423659817
635741298
782936541
149528736

681537249
793624158
524198367
168459723
975213486
432786591
846372915
359841672
217965834

297651843
318974625
456328719
645712938
732869451
981543276
163297584
574186392
829435167

581376249
234598716
796421538
647139852
823654197
915287364
372965481
159842673
468713925

765283149
843961572
291745836
459617283
687329415
132854967
918576324
326498751
574132698

935812467
846375192
127946835
618524973
294738651
753169284
382651749
479283516
561497328

651983724
924617358
387524619
235798461
146352987
798146532
872435196
569871243
413269875

542163897
871549362
963287415
397826541
185934726
426751938
658492173
734615289
219378654

754369182
692184375
183257946
539748621
421536798
876921453
918675234
265493817
347812569

469271358
587349261
312568479
823417596
745692813
691853742
254136987
178925634
936784125

125647839
793821465
468395712
582769143
376514298
941238657
659482371
237156984
814973526

219738456
657491823
843256179
591687342
432519687
786342915
375864291
124973568
968125734

795418263
642397851
183625497
839246715
456781932
271953684
918574326
324169578
567832149

528319746
349276581
671485392
913724658
284563917
756891423
892647135
437158269
165932874

361857429
897214365
524396871
176938254
945721683
283645917
659183742
438572196
712469538

538167249
421589736
679342815
285631974
794258361
316974582
153726498
942813657
867495123

263549817
748316925
195728364
352674189
971852643
684931752
516497238
429183576
837265491

483719562
697852413
521634879
769543128
218976345
345281697
956128734
174395286
832467951

184352796
639147825
275968341
948635172
521874639
763291584
456723918
897416253
312589467

683574921
124983756
597621438
819762345
456319872
732458619
348195267
971236584
265847193

452638197
916754283
783129465
135276948
279845631
864913572
641382759
528497316
397561824

967254813
384179625
512386749
251843967
673592184
849761352
728915436
136427598
495638271

647539281
892671345
513482796
135768924
764923518
928145637
271354869
359816472
486297153

527914368
381657942
649832571
963128457
852479613
174365829
718596234
296743185
435281796

256493187
387152649
194768253
439526718
571384926
862917435
728645391
615239874
943871562

298574316
741936825
563812479
139645782
874293561
625187943
456729138
382451697
917368254

176529483
293478156
485631792
941356278
352784961
867192345
718963524
524817639
639245817

852649137
347215869
961783524
186357942
294168753
573492618
639574281
725831496
418926375

419635278
372894561
865721349
198563427
236947815
547182936
783219654
654378192
921456783

947852631
128367945
563419827
751926384
386745192
294183576
812594763
439671258
675238419

964582371
721349586
538716492
857963214
396421857
412875639
275698143
643157928
189234765

185439672
479261835
362785419
653198247
841672953
297354186
726843591
534916728
918527364

782519346
946237185
135864972
261973854
379485621
854621793
627158439
418392567
593746218

593218467
876534219
421796538
258179346
619483752
347652891
765841923
982365174
134927685

693728451
158493627
247615839
864351792
539274186
712869543
381946275
976582314
425137968

698152437
271436598
435987621
927368154
864591273
513274986
789645312
156723849
342819765

281759364
945613287
736428951
613975842
857142693
429836175
192567438
564381729
378294516

623481975
814975623
795326184
371869542
469253718
258714369
532147896
186592437
947638251

623547981
495812637
187963245
259486713
846731592
731259864
974328156
318675429
562194378

162973845
435812976
798564321
957386412
624159783
381247569
576431298
243698157
819725634

649853217
153762849
728194536
316547928
594238761
287619354
932476185
475381692
861925473

238546719
954178326
716932845
589213674
347685192
162497538
695321487
473859261
821764953

859231467
237564918
164897235
426358179
798146352
513972684
372415896
945683721
681729543

163725849
429386715
875914236
397168524
514237698
286459371
632841957
948572163
751693482

739256814
186794523
542138976
674829135
318465792
925317648
457983261
891642357
263571489

394276158
562918734
178435296
219684573
683157429
745392861
957843612
836521947
421769385

315468972
294357681
768129345
179543826
586912734
432876159
953684217
821795463
647231598

869421357
273695481
514387269
781932645
345176892
692548713
157863924
438219576
926754138

957621348
214853796
836974152
621389475
348715629
795462813
173296584
562148937
489537261

394175628
156824793
278396541
467281935
539647182
812953476
783519264
641732859
925468317

592647813
387251694
164398725
916824537
738569142
425713986
879435261
641972358
253186479

293157684
845963271
617428539
786512493
152349768
439876125
364291857
528734916
971685342

457128693
326579418
918346752
684931527
195267384
732854961
863715249
249683175
571492836

571692843
268314795
493578216
619735482
854926371
327841569
135489627
986257134
742163958

569317482
148592367
327468915
981253746
236174598
475986231
893721654
714635829
652849173

859234167
642715839
317698524
438569271
126473958
795821643
571386492
963142785
284957316

326598174
978412563
145376289
597123648
632849715
814765392
759281436
261934857
483657921

382917654
917546832
465832197
543271986
296385741
178694523
829763415
631458279
754129368

429851763
365479821
781326549
897632415
134985672
256147938
678293154
543718296
912564387

973684251
528913647
614257983
732148596
491765832
865329714
187492365
356871429
249536178

813456297
496827153
257913648
174239586
925648371
638175429
342781965
589362714
761594832

547963812
982157634
136428957
319245786
825796143
764381295
698532471
473619528
251874369

294816753
158347629
763952184
832561497
946273518
517498362
479185236
621739845
385624971

748652913
263197584
591843672
837914265
624385197
915276438
379521846
156438729
482769351

943658721
672134895
851927346
497215683
526843917
318769452
164392578
735481269
289576134

372861594
961542873
485937621
157426389
234798156
896315742
519273468
743689215
628154937

529386471
671459328
438217965
357861249
162594783
984723156
896172534
213645897
745938612

174298635
586314729
392675481
243869517
951427863
867153942
728536194
615942378
439781256

176384952
843925167
259761348
692178435
437592816
518436729
985643271
764219583
321857694

842615973
639247815
175983624
318594762
724361589
596872431
267159348
451738296
983426157

924156873
516837942
783294651
492375168
658421397
371968425
849712536
167543289
235689714

237486915
689175234
415293687
794658123
568312479
321749568
953861742
846527391
172934856

684917523
271356849
953824176
318469257
529178364
746532918
832741695
465293781
197685432

854192763
963857214
172346598
597234681
216789435
348561972
689423157
725618349
431975826

768493125
519872436
324615798
236189547
851734269
947256813
195348672
482967351
673521984

281674935
479253618
536891472
854916327
367582149
192347856
625438791
748129563
913765284

581237469
394856271
726491583
465179832
217384956
839625147
143968725
952743618
678512394

453612789
978354261
621789534
815473926
794265813
236891457
549126378
182937645
367548192

186527943
937146825
245938671
859412736
671385492
324679158
762854319
518793264
493261587

365978124
291546387
847132569
724695831
519384276
683721495
478219653
136857942
952463718

237416589
964582371
158379624
382951746
641237958
795648213
519764832
476823195
823195467

394158762
268437519
517269483
829713654
745926831
136584297
682341975
471895326
953672148

786154923
512379684
493268571
145923768
628547319
937681452
354712896
269835147
871496235

524983671
368175492
971624358
657438219
243591786
819762543
786259134
135846927
492317865

246987351
398516742
751234689
864359217
932871465
517462893
629745138
185623974
473198526

659134782
184297635
723856194
532761849
971548263
846329571
265973418
498612357
317485926

542179638
173826954
986534127
798412563
435967281
621358749
357681492
269743815
814295376

729586134
816934752
345172968
931647825
582391476
467258319
698723541
253419687
174865293

752961348
849352176
361748529
938527614
426189735
175436982
587293461
214675893
693814257

681529347
493167285
725834619
872643591
356918724
149275863
214356978
937482156
568791432

527314689
419682573
638597412
965741238
143826795
782953164
276438951
351269847
894175326

752894136
869713254
314256879
538169742
946572381
127438695
481325967
295687413
673941528

738924165
952761384
164538297
493216578
876453912
215879436
347185629
629347851
581692743

586493127
297615348
413728956
758934261
361572894
942186573
624851739
139247685
875369412

721438956
463529781
589167432
817953624
635274819
294681375
948715263
176342598
352896147

356489172
289176345
174523869
762895413
593741628
418632597
831967254
627354981
945218736

896745321
351269478
472381596
613572849
587934612
924816753
238157964
769423185
145698237

273519684
618473259
459682317
536127498
721894563
894365172
385946721
962731845
147258936

123596784
978142365
564837129
895721643
637489251
412653897
289374516
341265978
756918432

216987543
895463712
347512869
134795286
679821435
582346197
453179628
728634951
961258374

965247381
421385697
738169524
847691235
293754168
156823479
619572843
384916752
572438916

893625741
417839526
265417893
651348972
942176385
378592164
184763259
539284617
726951438

541239678
276841359
893765412
367518924
458923761
129476835
682354197
714692583
935187246

594721683
167358492
283496571
615249738
379815246
842637915
931564827
726983154
458172369

329685174
485731692
671492385
736248519
548179263
912356748
163924857
254867931
897513426

154926837
372815649
968347152
597183426
426759381
831264975
245631798
689472513
713598264

984365127
165274398
732198465
698743512
321859746
457612983
249587631
876431259
513926874

497136258
823759416
516842379
381495627
764281935
259673184
972514863
638927541
145368792

934125678
682347915
157698234
376452189
519836742
428971563
243769851
791584326
865213497

938126574
517849236
624537891
169385427
845712369
372964158
293478615
786251943
451693782

234689157
768514293
195237684
953142768
472368519
816975342
349756821
627891435
581423976

714682539
628953741
593471862
971234658
856719324
432568917
387145296
245896173
169327485

954387216
368215947
721469538
142873659
876951423
593642781
287194365
635728194
419536872

762594318
418326975
593871642
246937851
851642739
379158264
987465123
634219587
125783496

653721498
972438165
148695732
296183574
537249681
481576329
325864917
719352846
864917253

692814375
874563192
531279846
748192563
325648719
916357284
289431657
463785921
157926438

279861453
418375962
356492817
534219678
921786345
687534129
163927584
842153796
795648231

563249781
184567239
279831465
945378126
328615974
716492853
657984312
431726598
892153647

735241896
961857342
428639175
257498613
684713259
193526784
819365427
546172938
372984561

972615438
836479512
451328769
745963281
368142975
129587643
613254897
597836124
284791356

784539261
263147985
951286437
476325819
312798654
895461372
647953128
539812746
128674593

692173485
318254679
457896132
283469517
576321894
941587326
865912743
739648251
124735968

936251874
548679312
217348569
659732481
173984625
824165793
762513948
495827136
381496257

743921586
589476312
261853497
956247138
324185769
817639245
695714823
478362951
132598674

749685132
836142759
521379864
683927541
472518396
915436278
154263987
367891425
298754613

634598217
279416835
185237649
528764193
963125784
417983562
346852971
851379426
792641358

524671398
379284516
618953472
963415827
452897163
187362945
245136789
831729654
796548231

793514286
256987143
481326759
532461978
647892315
918753624
364178592
879235461
125649837

376214859
829657143
514983672
935461728
781592364
642378591
193745286
458126937
267839415

213587694
745962831
698134725
439216587
172458369
856379142
961845273
527693418
384721956

468195732
712368495
935247816
346982571
257631984
891574623
579423168
183756249
624819357

543978612
892613574
761425983
217596438
954831267
638247195
489762351
125389746
376154829

518967423
697324815
234851769
965732184
782145396
143689572
471596238
829413657
356278941

482759613
167324589
935816247
378962154
246135978
591478326
814293765
623587491
759641832

723461958
951872364
486395712
274136895
695728431
318954276
832519647
149687523
567243189

518492367
326857149
479613852
631245978
942738615
785961423
263179584
894526731
157384296

623798451
195642387
784135962
519274638
472386519
836519274
358927146
241863795
967451823

425613978
187495632
369728541
894571326
256834719
713962485
648157293
972386154
531249867

158237694
963541287
274869315
341682759
726915843
895473162
417356928
689724531
532198476

695421387
123687495
874359162
738164259
246593718
519872643
481735926
362918574
957246831

481762593
265493871
739581264
897146352
642359187
153278946
526837419
914625738
378914625

948617523
531289764
627534891
469852317
873941256
215763489
186475932
394128675
752396148

897416352
645273918
213985476
781692543
436758291
952341687
564827139
128539764
379164825

831726459
762549813
459318726
684195372
175283694
923674581
548931267
317862945
296457138

735928146
869143275
412756389
124567893
697831524
358294761
276415938
941382657
583679412

179452863
536897241
482316975
817649532
365728419
924135786
653284197
798561324
241973658

437129865
952638714
861574329
384756291
215943678
679812453
126385947
748291536
593467182

691458732
483217695
725963148
316895274
872134569
954672381
538729416
269341857
147586923

682735491
547196328
193842675
458317269
976528134
231964857
819273546
724651983
365489712

485317296
326594718
791862354
867125439
943786125
152943687
278451963
639278541
514639872

264739581
915286734
738541926
497368215
652917843
183452697
326874159
841695372
579123468

531269784
826745913
974183526
312697845
687451239
459832671
793524168
248916357
165378492

617253984
539418267
482976153
395761842
864592731
721384596
276839415
953147628
148625379

458923671
927461385
136875942
312648759
684759213
795312864
843196527
561237498
279584136

867139542
539724861
241865973
925673418
386941725
174258639
753492186
412586397
698317254

681375294
432896751
597124386
753418962
814269573
269753418
978642135
146537829
325981647

274583196
896142573
153769842
647258931
319476285
528391467
931624758
465817329
782935614

279841356
631759842
845326719
183965427
967482135
452173698
796234581
514698273
328517964

819276534
723954681
564138279
437691825
295847163
681325497
158769342
376412958
942583716

719653284
543892671
682417953
157246839
396781425
428935167
871524396
935168742
264379518

193258467
458673912
276941583
635497821
742815639
819326745
367582194
981734256
524169378

685743192
273961845
491528367
342156978
568397421
917284653
159432786
834675219
726819534

235689741
819347625
647152389
924813567
751426893
368795412
176938254
593264178
482571936

268539741
397418526
541726839
836197452
915243678
724865193
153672984
672984315
489351267

649573128
782941635
315628947
123457869
954836712
876219354
438195276
261784593
597362481

697531824
815724693
243698175
561472938
482319756
739856412
926143587
358967241
174285369

491386572
635279184
728451963
587613249
916824735
342597618
869132457
254768391
173945826

238165794
457293861
196487325
564728913
829314576
371659248
942536187
685971432
713842659

253478961
648195327
719236854
874923615
592761483
361854792
136587249
427619538
985342176

347982615
285176439
196534827
954261378
823457196
671893542
532619784
769348251
418725963

584671329
127389645
936452718
841735962
765298134
293146587
619827453
378514296
452963871

917645283
654238791
328719546
261984357
543167928
789352614
196823475
875496132
432571869

286417395
417935682
953286741
639758124
145629837
872143569
394871256
728564913
561392478

851643279
297185463
436972581
972361854
614598327
583427916
325714698
149856732
768239145

381429576
925617438
647853219
876542193
234971685
159368724
413796852
768235941
592184367

742513869
953826417
618974352
167352984
435789621
829641735
291468573
584237196
376195248

346785219
981246357
257913864
834167925
695324781
172859436
568492173
413678592
729531648

419675283
238491657
675832149
764389521
823516794
591247368
342168975
986753412
157924836

148692357
629753184
573814296
457136928
916248735
382579641
834967512
791425863
265381479

917342658
356789214
482651379
793816425
568274193
124935786
649128537
871563942
235497861

219457683
637812954
485396172
542761398
371948265
896235417
123579846
764183529
958624731

349258671
825761934
716394582
697542813
251983467
483617259
532476198
978125346
164839725

964275831
537981642
821643579
456719283
782356194
193428765
248137956
615894327
379562418

936547128
875612493
412983657
763458912
124379865
598126374
347291586
251864739
689735241

375962814
941758362
682431579
458623197
129587436
736194258
517846923
264319785
893275641

317549826
825367149
469812753
591423678
638751294
742698531
184975362
276134985
953286417

172865943
654329178
983741526
741283659
395617284
268954731
827136495
419578362
536492817

859412736
163795824
724836159
231564978
546978213
987123465
372649581
695281347
418357692

723598164
495216783
168437592
614853279
537921846
982674351
851369427
349782615
276145938

235417968
746938251
981256473
658721394
312694587
479385612
563172849
827549136
194863725

531247869
428695173
967813452
146729385
782351694
395486721
274938516
853162947
619574238

715924683
692853417
483671529
856219734
237468195
149735268
361597842
528346971
974182356

345291768
968743152
712658943
186937524
573412896
294586371
827369415
651874239
439125687

972513864
461872935
385964127
128357649
596248713
743691582
219485376
637129458
854736291

524316798
397285416
816794532
481529367
953678124
762143859
145862973
279431685
638957241

627819453
831465927
549237681
185746392
963182745
472593816
798351264
314628579
256974138

164873952
527496813
389215476
296387145
813654297
745921638
638749521
452138769
971562384

236958147
841627395
579413286
195342768
387596421
624871953
418235679
762189534
953764812

718963542
342175968
569482173
685324791
291857634
473619285
957238416
826741359
134596827

627351489
819624735
345789126
974538261
163942578
258167943
582413697
736295814
491876352

341925687
725684913
968173524
216739845
874561239
593248176
639817452
482356791
157492368

687532914
342916587
951478632
276149853
495283761
813657429
728364195
534891276
169725348

697538412
541762839
382149567
276951384
859423671
413687295
725816943
138294756
964375128

352896174
984715326
716324859
498632517
235471698
167589432
843257961
671943285
529168743

473618925
815972643
296534817
541823769
938761254
627495381
164387592
759246138
382159476

594178623
127369485
638245917
963817542
872954361
451632879
746591238
215483796
389726154

864319572
527846931
931725846
683154729
492678153
715293684
179482365
348561297
256937418

921473856
764518293
385269471
538926147
196734528
472851639
843195762
219647385
657382914

682714395
417593862
359628417
896251734
234879156
175346289
548167923
761932548
923485671

378642195
291385647
564179823
829456731
457231986
613798452
942517368
735864219
186923574

234971568
789456312
516283794
498725631
352168947
671349285
143592876
827634159
965817423

524871963
938652147
167943258
459287316
873516492
612394875
241735689
786129534
395468721

617538492
249617835
538492617
183945276
952876341
476123589
721364958
395281764
864759123

367182459
914635278
258974361
432798516
186523794
795461823
521346987
649857132
873219645

192573468
378496521
645182397
834259176
561837249
927641835
413965782
756328914
289714653

594326817
863197452
217458936
136945728
952783164
478261395
645839271
381572649
729614583

652431879
138967452
974528631
863174925
421695387
597382164
746859213
289713546
315246798

528617493
134985627
976342518
749861352
253794861
681253974
465128739
392476185
817539246

429367815
513284976
768915234
894651327
175432698
236798541
941526783
682173459
357849162

751296384
836514792
294378165
687152943
942863517
513749826
125487639
468935271
379621458

946217853
382594617
175863294
257381469
614952738
893746125
731425986
529678341
468139572

348617592
762594183
951328674
273846915
185239746
496751328
539182467
817463259
624975831

746531298
819627345
325498761
283769154
974152683
561384927
697815432
452973816
138246579

915427863
674318295
283695471
146583729
752149386
398762514
427951638
869234157
531876942

735689214
164253978
928741653
892314567
356827149
471596832
649138725
213975486
587462391

531284967
986715234
427963851
364857129
892341675
175629483
653498712
748132596
219576348

258769143
374812695
961345278
893427516
725681934
146953827
689134752
537296481
412578369

342695718
591728346
768143925
953487261
876231594
124956837
219874653
485369172
637512489

457239168
163875942
298416375
684392517
719584236
325761894
576923481
832147659
941658723

468239517
259147683
317856294
591468372
624371859
783592461
876923145
942615738
135784926

892467153
645321798
317598462
769843521
584172639
123659847
958736214
431285976
276914385

451739286
293168475
876245913
328657149
967814532
145392867
612583794
534971628
789426351

817659324
369214857
245783961
498367215
126598473
753142698
674931582
931825746
582476139

579163824
283974651
641852739
362491578
154728396
798635142
415389267
926517483
837246915

894567321
271934856
653281974
587423619
416879235
932156748
325618497
748395162
169742583

267914538
438765912
915823467
584271693
326589741
791436285
149357826
652148379
873692154

158729346
642831579
397654218
765198423
439275681
281346795
876512934
913467852
524983167

542316798
793284615
186795234
267538149
439671582
815942376
951867423
324159867
678423951

518369472
972184365
634752189
321948756
785623914
496517238
859271643
163495827
247836591

853764912
261359478
974281635
732196584
618542397
549873126
397625841
185437269
426918753

364158279
978623514
512794386
725981463
489236751
136475928
851342697
293867145
647519832

164592387
875413962
923768514
716349258
359821746
482675193
297184635
541236879
638957421

153426897
849753162
726918534
675239418
382147956
491865723
538694271
264571389
917382645

479283651
135967824
826541793
547126938
981354267
263798415
654812379
318679542
792435186

312794685
795628431
648315729
863459217
124867953
957231864
589172346
431986572
276543198

736948125
912753846
458126793
674231589
895467231
123589467
581394672
347612958
269875314

734581926
152496738
896273415
267834159
581962347
943715862
318659274
629147583
475328691

621574983
584913627
397286514
439725168
762831495
158469732
813647259
245198376
976352841

924568173
187432695
536971248
358716924
792845361
641329857
215684739
463197582
879253416

694521378
375948162
821367945
462819537
938756421
517234896
759482613
143675289
286193754

518274369
962135487
743896152
254387691
876941523
391652874
127563948
639428715
485719236

581972346
492836175
367514982
674128539
213759864
859643217
736285491
128497653
945361728

697381524
384652719
521974863
856419372
732865491
149723685
975236148
418597236
263148957

153469827
468273519
972158346
837694251
241537698
695821734
726945183
389712465
514386972

471325968
285976143
936148275
367812459
528794316
149563827
613287594
752439681
894651732

216834975
379526814
584719236
457193628
821675493
693248157
765981342
138452769
942367581

829675431
513428967
476193258
935217684
187546329
264839715
742351896
358964172
691782543

618579234
253418967
947236518
492183675
781645329
365792841
126857493
579364182
834921756

148263597
369571842
725948613
293814765
451726938
687359124
534197286
976482351
812635479

415786293
286943517
937251486
394865721
752139864
168472935
621597348
549318672
873624159

176539824
892741635
453628791
217394586
568172943
349865217
631287459
724953168
985416372

321897546
479625831
865134279
914782365
736549182
582316794
648271953
193458627
257963418

815943627
769582341
243167958
427356189
136498275
598721436
674839512
951274863
382615794

359824716
817569243
642731598
928645371
561397824
473218659
284156937
795483162
136972485

731426985
864975321
295381746
629538174
573142698
148697532
912853467
486719253
357264819

743821659
958463712
126957438
319284576
874516293
265739184
431678925
682195347
597342861

396784251
128365479
574921863
215846937
843597126
769132548
651479382
982653714
437218695

967284135
254361987
381597264
436175829
829643751
715928643
672439518
193852476
548716392

536718249
419352678
728694531
872169354
961435782
345827916
284973165
197586423
653241897

173564298
945287631
628931754
764158329
852793146
319426875
497612583
286345917
531879462

261435789
598276143
473819265
935761824
786324591
124598637
817643952
352987416
649152378

843591276
579862431
162473895
724615389
986734152
315928647
437256918
291387564
658149723

489135267
763924851
521786934
694813572
237569418
158247396
972451683
345678129
816392745

461598273
387421569
925376841
274159386
153682497
896734125
742915638
619843752
538267914

684135297
327968415
519247386
261894573
873652149
945371862
792413658
158726934
436589721

635189742
298743651
714562398
957624183
861395427
342817569
486271935
123956874
579438216

235496178
149785263
687312954
978651342
524837691
316249587
752168439
461973825
893524716

561793248
483512976
972846135
257684319
619375482
348129657
194257863
726438591
835961724

941678532
836925147
257431689
514862973
378549261
692317458
723156894
485293716
169784325

572394861
418652397
693871254
126748935
845139726
739526148
267483519
351967482
984215673

693485721
827319564
541726983
169237845
784561239
235948617
378152496
452693178
916874352

736891425
598432761
214657398
183579642
947268153
625143987
479385216
862714539
351926874

574368129
293417658
186952437
845629371
367185294
912743586
429836715
751294863
638571942

547183629
328659714
196724835
865241973
439576281
271398546
714865392
683912457
952437168

679584231
852361749
314729865
435176982
198253674
726498513
261937458
947815326
583642197

864273951
317598246
592641837
239164785
158937624
746825193
483719562
921356478
675482319

349528716
261793458
587641932
735964821
824315697
916287543
172859364
493176285
658432179

736581429
859264317
241937865
592148673
687325194
314679258
168793542
923456781
475812936

865234179
492871536
173569248
927483615
531627984
648195327
754912863
316758492
289346751

215897634
893416275
764235189
426971853
359684712
178352496
947123568
631548927
582769341

586193742
234678951
719425683
347856129
951342876
628917435
163284597
872569314
495731268

532869174
681547293
749231865
127984536
854623719
963715428
398152647
416378952
275496381

673214598
954867123
182953764
548136972
326795841
719428356
891542637
267389415
435671289

742619358
813524769
596873124
379245816
265781943
481396572
657438291
928167435
134952687

152684973
643719852
879253461
935126748
426837195
781495326
594361287
368972514
217548639

248596137
537182946
169743825
793815264
614329758
852674391
976431582
385267419
421958673

128967453
946853721
537412986
674295318
295138674
813746592
452371869
361589247
789624135

712689543
456317982
389425167
678254391
124963875
935871624
293548716
541796238
867132459

325698174
491752836
786314259
219847365
573126948
864539721
148263597
637985412
952471683

891436275
463752891
752891346
328915467
945678132
617324589
574289613
236147958
189563724

195246378
782953614
436871295
268719453
341568729
579432186
824397561
657184932
913625847

936825417
127943586
485176923
791382654
642591378
853764192
368259741
574618239
219437865

197235648
438619725
562874913
853462197
274391586
619758234
985146372
341527869
726983451

961873425
235419867
748652319
593286741
417395286
682147593
876521934
154938672
329764158

379468512
245317689
861529743
197286435
438175926
652943871
916834257
783652194
524791368

469718523
385926471
271453869
643281795
598367214
712594638
126835947
834679152
957142386

685792431
243816579
791354268
174638952
958127346
326945187
562479813
417283695
839561724

621853794
453796218
798241356
184362975
962475183
375189642
519624837
836517429
247938561

426735981
935281467
781649253
319854672
578126349
264973518
143598726
697412835
852367194

329568471
458917632
167342598
613489257
972653814
584271369
841735926
795826143
236194785

291684735
783915246
546273918
425798163
617342589
938156472
859467321
364521897
172839654

963187542
857264319
412395687
294653871
381742956
576918234
625871493
749536128
138429765

